   0.0000000e+00   2.9100000e-01   1.5800000e-01   2.0070000e+00   4.9010000e+00   8.8120000e+00   1.4823000e+01   2.6396000e+01   4.9100000e+01   6.7890000e+01   7.4318000e+01   6.9750000e+01   7.4190000e+01   7.4076000e+01   7.1892000e+01   7.2555000e+01   7.4955000e+01   7.4075000e+01   7.4892000e+01   7.3418000e+01
   0.0000000e+00   1.1000000e-01   2.9700000e-01   1.8130000e+00   5.2140000e+00   9.7500000e+00   1.7027000e+01   3.0616000e+01   5.3384000e+01   6.8357000e+01   7.2442000e+01   7.5271000e+01   6.9800000e+01   7.1255000e+01   7.1415000e+01   6.8166000e+01   6.7775000e+01   7.0678000e+01   6.8314000e+01   6.8714000e+01
   0.0000000e+00  -1.1000000e-01  -2.2900000e-01   8.0200000e-01   3.4670000e+00   7.0860000e+00   1.1967000e+01   2.0872000e+01   3.8492000e+01   5.8752000e+01   7.4581000e+01   8.1409000e+01   8.0268000e+01   7.8744000e+01   7.5575000e+01   7.5180000e+01   7.3700000e+01   7.7854000e+01   7.3941000e+01   7.7113000e+01
   0.0000000e+00   8.0000000e-03  -2.2000000e-01   7.8600000e-01   3.3700000e+00   7.0800000e+00   1.2874000e+01   2.3053000e+01   4.3379000e+01   6.3540000e+01   7.5735000e+01   8.0215000e+01   7.6335000e+01   7.6198000e+01   7.5889000e+01   7.3169000e+01   7.1265000e+01   7.2852000e+01   7.3810000e+01   7.2720000e+01
   0.0000000e+00   7.6000000e-02   9.0000000e-03   1.1020000e+00   4.4350000e+00   8.5920000e+00   1.4960000e+01   2.7777000e+01   4.9498000e+01   7.1691000e+01   8.3464000e+01   8.3033000e+01   8.1412000e+01   8.1824000e+01   8.2263000e+01   7.9492000e+01   7.6918000e+01   7.9010000e+01   7.8803000e+01   8.0865000e+01
   0.0000000e+00   1.1000000e-02  -1.2000000e-02   1.2810000e+00   4.1510000e+00   8.1020000e+00   1.3677000e+01   2.4360000e+01   4.6764000e+01   6.8118000e+01   7.7384000e+01   7.7850000e+01   7.8496000e+01   7.7809000e+01   7.6304000e+01   7.6149000e+01   7.3164000e+01   7.5188000e+01   7.4671000e+01   7.6572000e+01
   0.0000000e+00   3.5000000e-02  -2.6000000e-01   1.1400000e+00   4.2740000e+00   8.8500000e+00   1.5680000e+01   2.6194000e+01   4.3666000e+01   6.2831000e+01   7.4618000e+01   7.4632000e+01   7.4441000e+01   7.3280000e+01   7.2405000e+01   7.0792000e+01   7.0501000e+01   7.1524000e+01   7.2087000e+01   7.4761000e+01
   0.0000000e+00  -4.2000000e-02   4.2000000e-02   1.2340000e+00   4.0890000e+00   9.1680000e+00   1.7482000e+01   3.0553000e+01   5.1496000e+01   7.1289000e+01   7.6745000e+01   7.7609000e+01   7.2480000e+01   7.2533000e+01   7.0876000e+01   7.0211000e+01   6.6486000e+01   7.3528000e+01   7.1340000e+01   7.0935000e+01
   0.0000000e+00  -4.9800000e-01  -4.4000000e-01   6.4900000e-01   3.2250000e+00   7.3550000e+00   1.3143000e+01   2.3932000e+01   4.4064000e+01   6.2917000e+01   7.1093000e+01   7.4177000e+01   6.8657000e+01   6.9874000e+01   6.7631000e+01   6.7742000e+01   6.3441000e+01   6.9275000e+01   6.5480000e+01   6.6345000e+01
   0.0000000e+00  -7.6700000e-01  -7.4500000e-01   6.4900000e-01   4.0880000e+00   1.0104000e+01   1.8830000e+01   3.2214000e+01   5.1878000e+01   6.3285000e+01   6.6846000e+01   7.0715000e+01   6.7305000e+01   6.7770000e+01   6.7854000e+01   6.6820000e+01   6.3940000e+01   6.7662000e+01   6.5661000e+01   6.6242000e+01
   0.0000000e+00  -2.8900000e-01  -4.5500000e-01   5.4200000e-01   3.1710000e+00   6.8350000e+00   1.2372000e+01   2.3917000e+01   4.5122000e+01   6.3584000e+01   7.0729000e+01   7.3187000e+01   7.0552000e+01   6.8564000e+01   6.8014000e+01   6.7671000e+01   6.5536000e+01   6.8473000e+01   6.6442000e+01   6.8435000e+01
   0.0000000e+00  -7.6500000e-01  -5.3900000e-01   8.6300000e-01   4.4410000e+00   1.0403000e+01   1.7756000e+01   3.0391000e+01   5.0663000e+01   6.4552000e+01   6.7373000e+01   7.2295000e+01   6.7014000e+01   6.5830000e+01   6.7252000e+01   6.5445000e+01   6.3133000e+01   6.6438000e+01   6.5146000e+01   6.7419000e+01
   0.0000000e+00   7.5000000e-02   2.1400000e-01   1.3720000e+00   3.9620000e+00   7.8270000e+00   1.3570000e+01   2.3225000e+01   4.1317000e+01   5.9574000e+01   7.3481000e+01   7.7865000e+01   7.3826000e+01   7.2104000e+01   7.0229000e+01   6.8483000e+01   6.6959000e+01   7.1998000e+01   7.1070000e+01   7.2482000e+01
   0.0000000e+00  -2.6500000e-01  -1.5400000e-01   1.2740000e+00   4.1080000e+00   9.1800000e+00   1.6572000e+01   2.7470000e+01   4.7996000e+01   6.0493000e+01   6.2622000e+01   6.7663000e+01   6.4001000e+01   6.2025000e+01   6.3368000e+01   6.4887000e+01   6.1157000e+01   6.5709000e+01   6.3501000e+01   6.4756000e+01
   0.0000000e+00  -2.9600000e-01  -3.3100000e-01   5.7100000e-01   2.9570000e+00   6.7100000e+00   1.2673000e+01   2.2405000e+01   3.8195000e+01   5.5551000e+01   7.1140000e+01   7.7128000e+01   7.0745000e+01   6.9739000e+01   7.0190000e+01   6.9044000e+01   6.5901000e+01   6.8620000e+01   6.6212000e+01   6.8510000e+01
   0.0000000e+00   3.6900000e-01   7.4900000e-01   2.2810000e+00   6.1720000e+00   1.2724000e+01   2.1084000e+01   3.3528000e+01   5.5099000e+01   6.3590000e+01   6.7779000e+01   7.2473000e+01   6.5574000e+01   6.4431000e+01   6.3948000e+01   6.5109000e+01   6.2192000e+01   6.5374000e+01   6.4961000e+01   6.5711000e+01
   0.0000000e+00  -1.4200000e-01  -3.3500000e-01   3.2900000e-01   1.8700000e+00   4.4460000e+00   9.0690000e+00   1.7449000e+01   2.9708000e+01   4.5181000e+01   6.0856000e+01   7.8906000e+01   7.2464000e+01   6.8583000e+01   6.9267000e+01   6.8534000e+01   6.4975000e+01   6.9463000e+01   6.8088000e+01   6.8770000e+01
   0.0000000e+00  -8.1000000e-02   2.1200000e-01   1.4230000e+00   4.1720000e+00   8.7130000e+00   1.5473000e+01   2.5861000e+01   4.6126000e+01   6.7430000e+01   7.7049000e+01   7.8310000e+01   7.6325000e+01   7.4022000e+01   7.1944000e+01   7.0428000e+01   6.8937000e+01   7.3105000e+01   7.2629000e+01   7.1703000e+01
   0.0000000e+00  -1.1500000e-01   2.3400000e-01   1.8250000e+00   5.7840000e+00   1.2663000e+01   2.1673000e+01   3.4451000e+01   5.5470000e+01   6.8054000e+01   7.1720000e+01   7.3231000e+01   6.8574000e+01   6.8674000e+01   6.7800000e+01   6.7249000e+01   6.5785000e+01   6.9059000e+01   6.7264000e+01   6.9503000e+01
   0.0000000e+00  -1.6100000e-01  -1.6000000e-01   8.4800000e-01   3.2900000e+00   7.2480000e+00   1.3379000e+01   2.2074000e+01   3.6435000e+01   5.2625000e+01   6.7675000e+01   7.9390000e+01   7.7561000e+01   7.5294000e+01   7.3504000e+01   7.1036000e+01   6.9283000e+01   7.4075000e+01   7.2663000e+01   7.5234000e+01
   0.0000000e+00   1.0000000e-03  -1.5500000e-01   9.0000000e-01   3.3000000e+00   7.6670000e+00   1.3740000e+01   2.4359000e+01   3.9324000e+01   5.7297000e+01   7.3201000e+01   7.8647000e+01   7.7385000e+01   7.5588000e+01   7.3211000e+01   7.2232000e+01   6.9481000e+01   7.3127000e+01   7.2299000e+01   7.2971000e+01
   0.0000000e+00  -1.5500000e-01  -1.6000000e-01   8.2800000e-01   3.4850000e+00   7.7990000e+00   1.4775000e+01   2.4242000e+01   4.0463000e+01   5.7914000e+01   7.3756000e+01   7.7625000e+01   7.7868000e+01   7.4572000e+01   7.4802000e+01   7.1849000e+01   7.2441000e+01   7.5184000e+01   7.3389000e+01   7.6760000e+01
   0.0000000e+00   9.0000000e-02   1.3190000e+00   2.9470000e+00   6.4740000e+00   1.1452000e+01   1.9428000e+01   3.2178000e+01   5.5014000e+01   7.8617000e+01   7.9874000e+01   7.8283000e+01   7.9511000e+01   7.8309000e+01   7.7971000e+01   7.4316000e+01   7.5229000e+01   7.6154000e+01   7.6807000e+01   7.7387000e+01
   0.0000000e+00   2.7700000e-01   2.4100000e-01   1.8920000e+00   5.4500000e+00   1.1066000e+01   1.9442000e+01   3.0705000e+01   5.0599000e+01   7.1675000e+01   7.7555000e+01   7.5805000e+01   7.6328000e+01   7.5960000e+01   7.4055000e+01   7.4293000e+01   7.3770000e+01   7.4329000e+01   7.4339000e+01   7.2553000e+01
   0.0000000e+00   1.3300000e-01   1.3400000e-01   1.9800000e+00   5.7360000e+00   1.0959000e+01   1.9302000e+01   3.2491000e+01   5.4426000e+01   7.3158000e+01   7.5571000e+01   7.2013000e+01   7.4263000e+01   7.3516000e+01   7.2114000e+01   7.2008000e+01   7.1248000e+01   7.1584000e+01   7.2271000e+01   7.4652000e+01
   0.0000000e+00  -8.5000000e-02  -1.1700000e-01   1.0080000e+00   3.6010000e+00   6.9630000e+00   1.2921000e+01   2.2726000e+01   3.8465000e+01   5.5576000e+01   7.2849000e+01   8.2550000e+01   7.8194000e+01   7.6964000e+01   7.4777000e+01   7.3819000e+01   7.1987000e+01   7.4542000e+01   7.2984000e+01   7.4254000e+01
   0.0000000e+00  -2.0500000e-01  -2.5000000e-01   7.1200000e-01   3.0090000e+00   6.6420000e+00   1.1993000e+01   2.0928000e+01   3.8094000e+01   5.6384000e+01   6.9904000e+01   7.8214000e+01   7.5549000e+01   7.2132000e+01   7.2363000e+01   6.8142000e+01   6.6757000e+01   7.1751000e+01   7.0674000e+01   7.0005000e+01
   0.0000000e+00  -8.5000000e-02  -2.8100000e-01   3.8300000e-01   1.8450000e+00   4.0410000e+00   7.5950000e+00   1.3990000e+01   2.5050000e+01   4.0210000e+01   5.5868000e+01   8.0989000e+01   8.3004000e+01   8.1168000e+01   7.9536000e+01   7.5915000e+01   7.2850000e+01   7.7365000e+01   7.4959000e+01   7.5693000e+01
   0.0000000e+00  -7.0800000e-01  -9.5200000e-01  -2.8900000e-01   1.5020000e+00   4.1650000e+00   8.6130000e+00   1.6964000e+01   2.9255000e+01   4.4741000e+01   6.0066000e+01   8.2039000e+01   8.4647000e+01   8.1146000e+01   8.0008000e+01   7.5358000e+01   7.2067000e+01   7.8079000e+01   7.4537000e+01   7.7164000e+01
   0.0000000e+00  -1.5100000e-01   1.1300000e-01   1.2220000e+00   3.5040000e+00   6.8410000e+00   1.1680000e+01   2.1496000e+01   3.8944000e+01   5.8339000e+01   7.3310000e+01   8.0381000e+01   7.8320000e+01   7.5955000e+01   7.4390000e+01   7.3211000e+01   6.9499000e+01   7.3115000e+01   7.2918000e+01   7.1665000e+01
   0.0000000e+00   3.0000000e-03  -1.3900000e-01   6.2000000e-01   2.9580000e+00   6.7070000e+00   1.3459000e+01   2.3693000e+01   3.8856000e+01   5.5935000e+01   7.0619000e+01   8.1468000e+01   7.5946000e+01   7.3064000e+01   7.0795000e+01   6.8053000e+01   6.5971000e+01   7.1659000e+01   6.9176000e+01   6.9631000e+01
   0.0000000e+00   1.4700000e-01   1.3800000e-01   1.2620000e+00   3.9780000e+00   8.5530000e+00   1.4907000e+01   2.6791000e+01   5.0068000e+01   7.1123000e+01   7.6270000e+01   7.8482000e+01   7.7352000e+01   7.3743000e+01   7.3974000e+01   7.2715000e+01   6.8351000e+01   7.1433000e+01   7.0122000e+01   7.1081000e+01
   0.0000000e+00  -1.8000000e-02  -2.3600000e-01   6.6000000e-01   2.4630000e+00   5.2490000e+00   9.1340000e+00   1.6072000e+01   2.9088000e+01   4.7583000e+01   6.4296000e+01   7.9756000e+01   7.5934000e+01   7.5678000e+01   7.6268000e+01   7.1736000e+01   6.9749000e+01   7.2894000e+01   7.3311000e+01   7.4383000e+01
   0.0000000e+00   1.6700000e-01   4.4500000e-01   1.7290000e+00   4.8120000e+00   9.4410000e+00   1.5832000e+01   2.7771000e+01   5.0997000e+01   6.9522000e+01   7.6871000e+01   7.9453000e+01   7.4483000e+01   7.3892000e+01   7.4737000e+01   6.9308000e+01   6.9476000e+01   7.0570000e+01   7.0985000e+01   7.3839000e+01
   0.0000000e+00   7.7000000e-02   3.3000000e-01   1.7630000e+00   5.1670000e+00   9.9880000e+00   1.6534000e+01   2.8610000e+01   5.0994000e+01   6.8466000e+01   7.4962000e+01   7.8058000e+01   7.3604000e+01   7.3329000e+01   7.1208000e+01   7.0494000e+01   6.6779000e+01   7.1555000e+01   6.9367000e+01   7.0548000e+01
   0.0000000e+00  -1.3500000e-01  -6.2000000e-02   1.0950000e+00   3.4450000e+00   7.0420000e+00   1.2133000e+01   2.3917000e+01   4.5227000e+01   6.5832000e+01   7.5772000e+01   7.5936000e+01   7.4935000e+01   7.5106000e+01   7.1197000e+01   7.1901000e+01   6.8732000e+01   7.4012000e+01   7.0275000e+01   7.2641000e+01
   0.0000000e+00   7.2000000e-02  -1.4200000e-01   6.3100000e-01   2.8580000e+00   5.9700000e+00   1.0699000e+01   1.8341000e+01   3.3700000e+01   5.2256000e+01   6.6575000e+01   7.7692000e+01   7.4992000e+01   7.2677000e+01   7.1535000e+01   6.8528000e+01   6.7055000e+01   7.1882000e+01   6.9092000e+01   7.1498000e+01
   0.0000000e+00   3.1000000e-02  -1.3000000e-01   6.4100000e-01   2.4660000e+00   5.3470000e+00   9.5710000e+00   1.6486000e+01   2.7845000e+01   4.2935000e+01   5.6896000e+01   7.5164000e+01   7.3735000e+01   7.1394000e+01   7.0543000e+01   6.6837000e+01   6.3608000e+01   7.0627000e+01   6.7780000e+01   6.8023000e+01
   0.0000000e+00  -6.3000000e-02  -1.8500000e-01   7.1000000e-01   2.5410000e+00   5.5250000e+00   9.6270000e+00   1.7828000e+01   3.4217000e+01   5.3739000e+01   6.5628000e+01   7.3799000e+01   6.8909000e+01   7.0656000e+01   6.7145000e+01   6.6003000e+01   6.3336000e+01   6.6345000e+01   6.6073000e+01   6.5908000e+01
   0.0000000e+00  -1.4000000e-02   1.6700000e-01   1.3590000e+00   3.9210000e+00   7.6170000e+00   1.3412000e+01   2.4641000e+01   4.7466000e+01   6.7053000e+01   7.6205000e+01   7.9768000e+01   7.5927000e+01   7.5904000e+01   7.4500000e+01   7.2765000e+01   7.2146000e+01   7.4830000e+01   7.4622000e+01   7.3462000e+01
   0.0000000e+00  -4.8400000e-01  -8.1800000e-01  -2.6100000e-01   1.8700000e+00   4.1010000e+00   7.4050000e+00   1.3488000e+01   2.5241000e+01   4.1829000e+01   6.0283000e+01   7.7556000e+01   7.6264000e+01   7.7011000e+01   7.5832000e+01   7.2759000e+01   7.1946000e+01   7.4985000e+01   7.3872000e+01   7.1422000e+01
   0.0000000e+00   2.6100000e-01  -5.5900000e-01   3.4400000e-01   2.4460000e+00   5.4270000e+00   9.9050000e+00   1.8563000e+01   3.6687000e+01   5.8264000e+01   7.1111000e+01   7.8195000e+01   7.3852000e+01   7.6475000e+01   7.2181000e+01   7.0652000e+01   7.1281000e+01   7.2706000e+01   7.1977000e+01   7.2751000e+01
   0.0000000e+00  -5.2000000e-02  -1.1000000e-01   5.8500000e-01   2.5610000e+00   5.3850000e+00   9.3440000e+00   1.6071000e+01   2.9704000e+01   4.8198000e+01   6.4099000e+01   7.7197000e+01   7.9404000e+01   7.7182000e+01   7.3142000e+01   6.9665000e+01   6.9725000e+01   7.2416000e+01   7.2678000e+01   7.2616000e+01
   0.0000000e+00  -3.8000000e-02   1.7400000e-01   1.7680000e+00   4.7990000e+00   9.3470000e+00   1.6260000e+01   2.9334000e+01   5.3476000e+01   7.0707000e+01   7.7067000e+01   7.8814000e+01   7.5101000e+01   7.3139000e+01   7.1773000e+01   7.2998000e+01   6.8272000e+01   7.0883000e+01   7.1406000e+01   7.0675000e+01
   0.0000000e+00   1.8300000e-01  -1.4300000e-01   8.7400000e-01   3.1910000e+00   6.0530000e+00   1.0207000e+01   1.8771000e+01   3.7032000e+01   5.7781000e+01   7.5381000e+01   8.0830000e+01   7.7861000e+01   7.7329000e+01   7.5452000e+01   7.3609000e+01   7.0536000e+01   7.3567000e+01   7.3139000e+01   7.3164000e+01
   0.0000000e+00   7.7000000e-02  -1.1900000e-01   5.9300000e-01   2.4630000e+00   4.8540000e+00   8.2500000e+00   1.4113000e+01   2.5904000e+01   4.1884000e+01   5.6529000e+01   7.6093000e+01   8.0072000e+01   7.7505000e+01   7.6830000e+01   7.3449000e+01   7.0440000e+01   7.2293000e+01   7.1134000e+01   7.1963000e+01
   0.0000000e+00   8.1000000e-02   2.4000000e-01   1.3400000e+00   4.1490000e+00   7.7330000e+00   1.2706000e+01   2.3014000e+01   4.3917000e+01   6.6495000e+01   7.6392000e+01   8.1341000e+01   7.7648000e+01   7.9433000e+01   7.5310000e+01   7.2517000e+01   6.7890000e+01   7.5970000e+01   7.1933000e+01   7.4658000e+01
   0.0000000e+00  -5.7000000e-02  -1.3000000e-02   8.2900000e-01   2.9600000e+00   6.5080000e+00   1.2157000e+01   2.0669000e+01   3.3252000e+01   4.8734000e+01   6.2333000e+01   7.7952000e+01   7.6288000e+01   7.4079000e+01   7.3089000e+01   7.0247000e+01   6.8002000e+01   7.3919000e+01   7.0119000e+01   7.1607000e+01
   0.0000000e+00  -1.3700000e-01  -1.2200000e-01   1.0670000e+00   3.8680000e+00   7.8720000e+00   1.3815000e+01   2.3497000e+01   4.0125000e+01   5.8699000e+01   7.2828000e+01   7.8885000e+01   7.8431000e+01   7.7704000e+01   7.6408000e+01   7.2418000e+01   7.4145000e+01   7.6177000e+01   7.2850000e+01   7.3992000e+01
   0.0000000e+00   4.5000000e-02   2.4100000e-01   1.4230000e+00   4.6020000e+00   9.3780000e+00   1.6586000e+01   2.7523000e+01   4.5760000e+01   6.4698000e+01   7.7153000e+01   7.8823000e+01   7.9510000e+01   7.5923000e+01   7.2532000e+01   7.4311000e+01   6.9481000e+01   7.3636000e+01   7.2165000e+01   7.4197000e+01
   0.0000000e+00  -5.6000000e-02  -6.0000000e-03   1.4670000e+00   4.5260000e+00   9.7440000e+00   1.6968000e+01   3.0826000e+01   5.1898000e+01   7.1397000e+01   7.9247000e+01   7.9302000e+01   7.5674000e+01   7.2575000e+01   7.2634000e+01   6.8934000e+01   6.8603000e+01   7.3016000e+01   7.0444000e+01   7.2298000e+01
   0.0000000e+00   5.8000000e-02   2.0600000e-01   1.4170000e+00   3.7910000e+00   7.5980000e+00   1.2980000e+01   2.2040000e+01   3.7107000e+01   5.3876000e+01   6.9641000e+01   8.0193000e+01   7.5970000e+01   7.5199000e+01   7.3719000e+01   6.9892000e+01   6.9446000e+01   7.0204000e+01   7.0492000e+01   7.2030000e+01
   0.0000000e+00   1.3000000e-01   6.4100000e-01   2.0990000e+00   5.7040000e+00   1.1846000e+01   2.0510000e+01   3.3287000e+01   5.4722000e+01   7.2218000e+01   7.6096000e+01   7.9891000e+01   7.4823000e+01   7.5018000e+01   7.3386000e+01   7.1387000e+01   6.8959000e+01   7.3017000e+01   7.1720000e+01   7.2756000e+01
   0.0000000e+00   1.1400000e-01   4.5300000e-01   1.8730000e+00   4.5700000e+00   9.2020000e+00   1.5376000e+01   2.5007000e+01   4.0790000e+01   5.6868000e+01   7.0089000e+01   7.6362000e+01   7.2844000e+01   6.9206000e+01   6.8878000e+01   6.8821000e+01   6.6632000e+01   6.9642000e+01   6.8222000e+01   6.9082000e+01
   0.0000000e+00  -1.4000000e-02  -1.0800000e-01   7.4500000e-01   3.0690000e+00   6.4930000e+00   1.2500000e+01   2.2540000e+01   3.6592000e+01   5.2808000e+01   6.8133000e+01   7.7204000e+01   7.1254000e+01   6.8322000e+01   6.7794000e+01   6.8618000e+01   6.6894000e+01   6.9767000e+01   6.8905000e+01   6.8419000e+01
   0.0000000e+00  -1.5500000e-01  -3.6700000e-01   5.0600000e-01   2.7270000e+00   6.5250000e+00   1.1999000e+01   2.2030000e+01   4.2406000e+01   6.0443000e+01   6.9299000e+01   7.3265000e+01   6.7485000e+01   6.7045000e+01   6.6565000e+01   6.5842000e+01   6.5847000e+01   6.7685000e+01   6.6963000e+01   6.9376000e+01
   0.0000000e+00  -1.5900000e-01  -4.6000000e-02   1.2530000e+00   4.0080000e+00   8.9970000e+00   1.6127000e+01   2.9458000e+01   5.1554000e+01   7.3925000e+01   7.8700000e+01   7.9701000e+01   7.7344000e+01   7.4812000e+01   7.3640000e+01   7.2383000e+01   7.2089000e+01   7.5340000e+01   7.3189000e+01   7.2572000e+01
   0.0000000e+00  -3.3700000e-01  -4.2600000e-01   6.8600000e-01   2.7670000e+00   6.3160000e+00   1.1029000e+01   1.9001000e+01   3.1946000e+01   4.8658000e+01   6.4113000e+01   7.4653000e+01   7.0197000e+01   6.9228000e+01   6.8975000e+01   6.8133000e+01   6.6622000e+01   6.9413000e+01   6.7534000e+01   6.8104000e+01
   0.0000000e+00  -1.8000000e-02   4.1900000e-01   1.8770000e+00   4.8890000e+00   9.7890000e+00   1.6902000e+01   2.6807000e+01   4.4563000e+01   6.0971000e+01   6.7823000e+01   6.8709000e+01   6.5670000e+01   6.6822000e+01   6.6324000e+01   6.7184000e+01   6.3630000e+01   6.6732000e+01   6.5561000e+01   6.7296000e+01
   0.0000000e+00  -5.2000000e-02   1.1600000e-01   1.2600000e+00   4.0660000e+00   7.7970000e+00   1.3340000e+01   2.3031000e+01   4.2477000e+01   6.1464000e+01   7.2500000e+01   7.4644000e+01   7.2684000e+01   7.3583000e+01   7.0949000e+01   7.1171000e+01   6.9138000e+01   7.0471000e+01   6.8549000e+01   6.9057000e+01
   0.0000000e+00  -2.0700000e-01  -7.3000000e-02   9.0200000e-01   3.6190000e+00   7.6990000e+00   1.3884000e+01   2.3085000e+01   4.0618000e+01   5.9424000e+01   7.2514000e+01   7.7335000e+01   7.7158000e+01   7.4364000e+01   7.3479000e+01   7.1178000e+01   7.0007000e+01   7.5285000e+01   7.2690000e+01   7.2530000e+01
   0.0000000e+00  -1.6080000e+00  -1.2300000e+00  -1.0630000e+00   7.0200000e-01   2.8610000e+00   6.1960000e+00   1.2306000e+01   2.3568000e+01   3.9077000e+01   5.4543000e+01   7.0202000e+01   7.1412000e+01   6.7217000e+01   6.5753000e+01   6.5051000e+01   6.5813000e+01   6.8674000e+01   6.6644000e+01   6.7129000e+01
   0.0000000e+00  -4.9100000e-01  -4.6300000e-01   5.8400000e-01   2.9980000e+00   6.8510000e+00   1.2771000e+01   2.4693000e+01   4.6209000e+01   6.7015000e+01   7.8141000e+01   7.7750000e+01   7.5953000e+01   7.5111000e+01   7.4345000e+01   7.1768000e+01   7.0510000e+01   7.4625000e+01   7.1600000e+01   7.2308000e+01
   0.0000000e+00   2.2000000e-02   1.7900000e-01   1.4760000e+00   4.2900000e+00   8.8940000e+00   1.5607000e+01   2.5220000e+01   4.1938000e+01   6.1174000e+01   7.4142000e+01   7.6484000e+01   7.6212000e+01   7.6982000e+01   7.3580000e+01   7.1621000e+01   7.2971000e+01   7.3994000e+01   7.1683000e+01   7.2065000e+01
   0.0000000e+00  -1.6400000e-01  -5.6200000e-01   4.2000000e-01   2.6630000e+00   6.4990000e+00   1.2241000e+01   2.1838000e+01   3.5369000e+01   5.1148000e+01   6.4023000e+01   7.4211000e+01   6.8880000e+01   6.7206000e+01   6.6621000e+01   6.5293000e+01   6.3798000e+01   6.6925000e+01   6.3509000e+01   6.7031000e+01
   0.0000000e+00   4.4000000e-02   7.5000000e-02   1.1810000e+00   4.0080000e+00   8.5060000e+00   1.4973000e+01   2.4304000e+01   3.8930000e+01   5.5169000e+01   6.8700000e+01   7.7806000e+01   7.4414000e+01   7.1588000e+01   7.3620000e+01   6.9621000e+01   6.7693000e+01   7.1334000e+01   7.2162000e+01   7.0496000e+01
   0.0000000e+00   1.8000000e-01   5.4300000e-01   1.9700000e+00   4.8370000e+00   1.0335000e+01   1.7930000e+01   2.7855000e+01   4.5032000e+01   6.1950000e+01   7.1271000e+01   7.5607000e+01   6.9205000e+01   6.9697000e+01   7.0521000e+01   6.7752000e+01   6.6058000e+01   6.8603000e+01   6.9070000e+01   7.0474000e+01
   0.0000000e+00   2.1400000e-01   7.3600000e-01   2.1890000e+00   5.5980000e+00   1.1287000e+01   1.8795000e+01   2.9663000e+01   4.7995000e+01   6.5650000e+01   7.4473000e+01   7.4027000e+01   7.2819000e+01   7.4353000e+01   7.1410000e+01   7.1716000e+01   6.5769000e+01   7.1223000e+01   6.9572000e+01   7.0843000e+01
   0.0000000e+00   1.1600000e-01   4.4400000e-01   1.6120000e+00   4.2490000e+00   8.6720000e+00   1.5162000e+01   2.4801000e+01   3.9933000e+01   5.8305000e+01   7.2771000e+01   7.8775000e+01   7.7487000e+01   7.6897000e+01   7.7614000e+01   7.4444000e+01   6.9903000e+01   7.3278000e+01   7.1163000e+01   7.2879000e+01
   0.0000000e+00  -2.5700000e-01   2.0000000e-01   1.7800000e+00   5.1190000e+00   1.0449000e+01   1.8049000e+01   3.2337000e+01   5.6273000e+01   7.7720000e+01   7.8131000e+01   7.6401000e+01   7.5246000e+01   7.6441000e+01   7.5011000e+01   7.3869000e+01   7.2826000e+01   7.5828000e+01   7.3529000e+01   7.4770000e+01
   0.0000000e+00   6.2000000e-02   8.5000000e-02   9.8800000e-01   3.0440000e+00   6.1740000e+00   1.1053000e+01   2.0066000e+01   3.7845000e+01   5.6946000e+01   7.1205000e+01   7.9818000e+01   7.9291000e+01   7.6152000e+01   7.5437000e+01   7.1581000e+01   7.1186000e+01   7.2644000e+01   7.5279000e+01   7.3349000e+01
   0.0000000e+00   1.0100000e-01   2.1600000e-01   9.3000000e-01   2.5350000e+00   5.3310000e+00   9.4160000e+00   1.5964000e+01   2.7816000e+01   4.3717000e+01   5.9331000e+01   7.8782000e+01   8.2345000e+01   7.9544000e+01   7.5792000e+01   7.5220000e+01   7.2603000e+01   7.4007000e+01   7.6267000e+01   7.5628000e+01
   0.0000000e+00   1.8000000e-01   1.8700000e-01   1.1950000e+00   3.8860000e+00   7.6380000e+00   1.2910000e+01   2.2687000e+01   3.9589000e+01   5.7860000e+01   7.0163000e+01   7.5723000e+01   7.0603000e+01   7.2858000e+01   7.0272000e+01   6.7099000e+01   6.6315000e+01   7.1959000e+01   6.9132000e+01   6.7073000e+01
   0.0000000e+00   8.5000000e-02   1.8300000e-01   1.1180000e+00   3.3990000e+00   7.0060000e+00   1.2237000e+01   2.1518000e+01   4.0736000e+01   6.0580000e+01   7.3546000e+01   7.9553000e+01   7.5368000e+01   7.4737000e+01   7.0335000e+01   7.1468000e+01   6.9055000e+01   7.1549000e+01   7.0057000e+01   7.0245000e+01
   0.0000000e+00  -2.0000000e-02   2.0600000e-01   1.4830000e+00   4.4770000e+00   8.9830000e+00   1.5058000e+01   2.6955000e+01   4.8865000e+01   6.8604000e+01   7.7446000e+01   7.6706000e+01   7.5385000e+01   7.5123000e+01   7.5474000e+01   7.1196000e+01   7.0857000e+01   7.1633000e+01   7.1952000e+01   7.1524000e+01
   0.0000000e+00   1.3300000e-01  -1.4300000e-01   9.6100000e-01   3.5170000e+00   6.7210000e+00   1.1025000e+01   1.9696000e+01   3.6536000e+01   5.5995000e+01   7.1574000e+01   8.1545000e+01   7.7143000e+01   7.5666000e+01   7.3752000e+01   7.0642000e+01   7.2340000e+01   7.1429000e+01   7.1094000e+01   7.2710000e+01
   0.0000000e+00  -3.5100000e-01   4.7700000e-01   9.1500000e-01   3.8560000e+00   9.7070000e+00   1.6413000e+01   2.7413000e+01   4.7381000e+01   6.7788000e+01   7.5457000e+01   7.6339000e+01   7.4860000e+01   7.3209000e+01   7.2978000e+01   7.0978000e+01   6.7976000e+01   7.1208000e+01   6.8740000e+01   7.1605000e+01
   0.0000000e+00   8.7000000e-02   3.1300000e-01   1.7630000e+00   5.0850000e+00   9.7950000e+00   1.6635000e+01   3.0179000e+01   5.2329000e+01   7.0644000e+01   7.5793000e+01   7.5834000e+01   7.3421000e+01   7.3702000e+01   7.4151000e+01   7.0761000e+01   6.8854000e+01   7.1970000e+01   7.2543000e+01   7.1608000e+01
   0.0000000e+00  -3.2000000e-01  -8.1000000e-01   6.3000000e-02   2.1960000e+00   5.0490000e+00   9.3720000e+00   1.7259000e+01   3.3756000e+01   5.4217000e+01   6.7350000e+01   7.3955000e+01   7.3339000e+01   7.2308000e+01   7.1174000e+01   6.7128000e+01   6.7961000e+01   7.0057000e+01   6.8037000e+01   6.9159000e+01
   0.0000000e+00   7.9600000e-01   3.5000000e-02   1.6390000e+00   3.9240000e+00   7.6750000e+00   1.4152000e+01   2.7679000e+01   5.1520000e+01   7.0101000e+01   7.6881000e+01   7.7172000e+01   7.7647000e+01   7.7230000e+01   7.6303000e+01   7.2776000e+01   7.0813000e+01   7.6142000e+01   7.2802000e+01   7.2055000e+01
   0.0000000e+00  -7.8000000e-02  -3.2200000e-01   5.9000000e-02   1.3830000e+00   3.0870000e+00   5.6230000e+00   1.0064000e+01   1.8956000e+01   3.1864000e+01   4.7922000e+01   7.3342000e+01   7.9575000e+01   7.9077000e+01   7.7832000e+01   7.6373000e+01   7.3726000e+01   7.5790000e+01   7.5015000e+01   7.4904000e+01
   0.0000000e+00  -9.8000000e-02  -3.8200000e-01  -1.6300000e-01   7.0600000e-01   1.3920000e+00   2.4440000e+00   3.9470000e+00   7.3490000e+00   1.1445000e+01   1.6411000e+01   2.9597000e+01   5.0089000e+01   7.6986000e+01   8.2555000e+01   8.0737000e+01   8.1616000e+01   8.0526000e+01   7.7606000e+01   7.9886000e+01
   0.0000000e+00  -4.6000000e-02  -1.5500000e-01   2.9700000e-01   1.2570000e+00   2.6270000e+00   4.7620000e+00   8.5450000e+00   1.5175000e+01   2.5114000e+01   3.7378000e+01   6.3201000e+01   8.0181000e+01   7.9596000e+01   7.7581000e+01   7.6029000e+01   7.3323000e+01   7.5777000e+01   7.4768000e+01   7.5257000e+01
   0.0000000e+00   1.3000000e-02  -1.0000000e-02   2.5300000e-01   1.6620000e+00   3.3990000e+00   6.4820000e+00   1.1128000e+01   2.0476000e+01   3.3113000e+01   4.6438000e+01   6.5885000e+01   7.6872000e+01   7.2505000e+01   7.1794000e+01   6.7528000e+01   6.7444000e+01   7.3908000e+01   6.9390000e+01   7.1581000e+01
   0.0000000e+00   6.4000000e-02  -2.6500000e-01   1.8600000e-01   1.5960000e+00   3.1140000e+00   5.5060000e+00   9.1790000e+00   1.6539000e+01   2.8451000e+01   4.3453000e+01   7.1572000e+01   8.0372000e+01   7.8460000e+01   7.8198000e+01   7.6085000e+01   7.3219000e+01   7.3809000e+01   7.5256000e+01   7.5005000e+01
   0.0000000e+00  -5.8000000e-02  -3.3900000e-01  -6.2000000e-02   5.8700000e-01   9.4400000e-01   1.8150000e+00   3.5350000e+00   6.8720000e+00   1.1546000e+01   1.6442000e+01   2.9402000e+01   4.8162000e+01   7.3490000e+01   7.9386000e+01   7.5067000e+01   7.3549000e+01   7.5036000e+01   7.4269000e+01   7.4368000e+01
   0.0000000e+00  -4.6000000e-02  -2.8500000e-01  -9.6000000e-02   5.8100000e-01   1.2650000e+00   2.5680000e+00   5.5940000e+00   1.2264000e+01   2.0248000e+01   2.8614000e+01   4.4542000e+01   6.6931000e+01   7.7170000e+01   7.7559000e+01   7.4307000e+01   7.0950000e+01   7.3623000e+01   7.0573000e+01   7.0284000e+01
   0.0000000e+00  -4.8000000e-02  -1.3400000e-01   2.6000000e-01   1.1620000e+00   2.5830000e+00   4.4960000e+00   8.1880000e+00   1.3613000e+01   2.1534000e+01   3.0577000e+01   5.1649000e+01   7.4631000e+01   7.5815000e+01   7.4072000e+01   7.0955000e+01   6.8298000e+01   7.1304000e+01   6.9436000e+01   7.0346000e+01
   0.0000000e+00  -6.8000000e-02  -1.9000000e-01   2.2300000e-01   1.2160000e+00   2.9860000e+00   6.0720000e+00   1.1698000e+01   2.1971000e+01   3.5958000e+01   5.1464000e+01   7.2790000e+01   7.2643000e+01   7.0864000e+01   7.1872000e+01   6.8372000e+01   6.5691000e+01   6.9619000e+01   6.9059000e+01   7.0361000e+01
   0.0000000e+00  -1.6500000e-01  -3.0000000e-01  -8.3000000e-02   7.0500000e-01   1.6400000e+00   2.7770000e+00   5.7340000e+00   1.0875000e+01   1.7843000e+01   2.4879000e+01   3.9029000e+01   5.6897000e+01   7.5104000e+01   7.9741000e+01   7.3798000e+01   7.0026000e+01   7.3329000e+01   7.0865000e+01   7.3782000e+01
   0.0000000e+00  -3.5000000e-01  -4.9800000e-01  -1.6000000e-02   1.2090000e+00   2.9900000e+00   6.1490000e+00   1.1955000e+01   2.1736000e+01   3.4654000e+01   4.9327000e+01   7.0793000e+01   7.6812000e+01   7.4667000e+01   7.4760000e+01   6.9633000e+01   6.6624000e+01   7.2817000e+01   6.8615000e+01   7.2006000e+01
   0.0000000e+00  -1.7000000e-02   1.3100000e-01   1.0100000e+00   3.3730000e+00   7.1790000e+00   1.3374000e+01   2.4412000e+01   4.4974000e+01   6.6837000e+01   7.8207000e+01   7.9338000e+01   7.5517000e+01   7.5722000e+01   7.3592000e+01   7.4353000e+01   7.0587000e+01   7.3892000e+01   7.2120000e+01   7.3329000e+01
   0.0000000e+00   2.1200000e-01   2.9200000e-01   1.1600000e+00   3.1930000e+00   6.7160000e+00   1.2572000e+01   2.1685000e+01   3.6340000e+01   5.3760000e+01   6.9281000e+01   7.6220000e+01   7.2328000e+01   7.2124000e+01   7.2543000e+01   7.0165000e+01   6.8367000e+01   7.2731000e+01   6.9448000e+01   6.9739000e+01
   0.0000000e+00  -1.5500000e-01  -1.8900000e-01   5.3000000e-01   2.1840000e+00   5.2130000e+00   1.0316000e+01   1.9124000e+01   3.2553000e+01   4.8386000e+01   6.3643000e+01   7.6639000e+01   7.0632000e+01   7.0604000e+01   7.0460000e+01   6.9287000e+01   6.8044000e+01   6.9908000e+01   6.8681000e+01   6.9397000e+01
   0.0000000e+00  -2.9700000e-01  -4.2400000e-01  -7.5000000e-02   1.4810000e+00   3.4550000e+00   7.1130000e+00   1.4305000e+01   2.5014000e+01   3.8204000e+01   5.2392000e+01   7.3490000e+01   7.3196000e+01   6.9741000e+01   6.9442000e+01   6.7836000e+01   6.6126000e+01   6.7262000e+01   6.7095000e+01   6.6822000e+01
   0.0000000e+00  -1.9040000e+00  -1.7660000e+00  -1.2480000e+00   4.9800000e-01   3.3450000e+00   7.9010000e+00   1.5415000e+01   2.7593000e+01   4.2931000e+01   5.7626000e+01   7.3461000e+01   7.1607000e+01   6.6394000e+01   6.7527000e+01   6.6656000e+01   6.5868000e+01   6.8163000e+01   6.6384000e+01   6.6419000e+01
   0.0000000e+00  -2.0000000e-03  -5.4600000e-01  -1.0300000e-01   9.8600000e-01   2.2390000e+00   4.3040000e+00   8.4410000e+00   1.5545000e+01   2.5030000e+01   3.4092000e+01   4.7739000e+01   6.2344000e+01   6.9508000e+01   6.8117000e+01   6.5842000e+01   6.2826000e+01   6.7896000e+01   6.5885000e+01   6.8011000e+01
   0.0000000e+00  -4.0800000e-01  -5.0800000e-01  -2.5200000e-01   1.1600000e+00   2.5980000e+00   5.3790000e+00   1.1093000e+01   1.9672000e+01   2.9879000e+01   4.0382000e+01   6.1057000e+01   7.4365000e+01   7.4662000e+01   7.1885000e+01   6.6240000e+01   6.6806000e+01   7.0025000e+01   6.8491000e+01   7.0523000e+01
   0.0000000e+00  -1.8700000e-01  -1.9500000e-01   6.6100000e-01   2.8310000e+00   5.9810000e+00   1.1743000e+01   2.0614000e+01   3.4325000e+01   5.1104000e+01   6.4733000e+01   7.5047000e+01   7.0686000e+01   6.9963000e+01   6.8660000e+01   6.6832000e+01   6.5962000e+01   6.9563000e+01   6.6266000e+01   6.9405000e+01
   0.0000000e+00  -2.0300000e-01  -5.4900000e-01  -5.0000000e-01   6.6100000e-01   1.5970000e+00   3.1130000e+00   7.0950000e+00   1.3824000e+01   2.3851000e+01   3.6369000e+01   5.8088000e+01   6.7067000e+01   6.5197000e+01   6.0421000e+01   6.2132000e+01   5.9513000e+01   6.6509000e+01   6.3088000e+01   6.3591000e+01
   0.0000000e+00  -1.8500000e-01  -7.8700000e-01  -6.4100000e-01   5.3600000e-01   1.4070000e+00   2.7180000e+00   5.8430000e+00   1.2559000e+01   2.3512000e+01   3.7786000e+01   5.7604000e+01   6.6163000e+01   6.3720000e+01   6.4596000e+01   6.2247000e+01   5.9668000e+01   5.8916000e+01   5.7530000e+01   5.7025000e+01
   0.0000000e+00  -1.5600000e-01  -6.1100000e-01   2.8000000e-02   1.4610000e+00   2.4140000e+00   4.8280000e+00   8.3370000e+00   1.4784000e+01   2.3832000e+01   3.3628000e+01   5.0139000e+01   6.6367000e+01   7.3438000e+01   7.2789000e+01   7.0617000e+01   6.9785000e+01   6.8272000e+01   6.6423000e+01   6.5933000e+01
   0.0000000e+00  -6.4000000e-02  -5.3200000e-01  -3.8600000e-01   4.5500000e-01   9.7900000e-01   1.8020000e+00   3.5700000e+00   7.1430000e+00   1.1832000e+01   1.6521000e+01   2.5342000e+01   4.0186000e+01   5.4919000e+01   5.9765000e+01   5.7756000e+01   5.1335000e+01   5.0973000e+01   5.1916000e+01   5.1348000e+01
   0.0000000e+00   2.1000000e-02  -6.2900000e-01   1.2700000e-01   2.0250000e+00   4.3700000e+00   9.4210000e+00   1.6773000e+01   3.1024000e+01   4.7486000e+01   6.3719000e+01   7.7409000e+01   7.7637000e+01   7.4734000e+01   7.4309000e+01   7.2497000e+01   6.9047000e+01   6.9316000e+01   6.7898000e+01   6.8847000e+01
   0.0000000e+00  -7.9100000e-01  -1.5220000e+00  -7.9600000e-01   1.3670000e+00   3.1990000e+00   7.5240000e+00   1.4097000e+01   2.4775000e+01   3.8066000e+01   5.2192000e+01   6.8771000e+01   7.2587000e+01   7.1035000e+01   7.0255000e+01   6.8438000e+01   6.7681000e+01   6.7482000e+01   6.7995000e+01   6.9118000e+01
   0.0000000e+00   1.4000000e-02  -2.0100000e-01   9.9000000e-01   3.7320000e+00   7.9370000e+00   1.4508000e+01   2.4037000e+01   4.0620000e+01   5.9068000e+01   7.8859000e+01   7.8272000e+01   7.9264000e+01   7.9047000e+01   7.8131000e+01   7.6097000e+01   7.6562000e+01   7.5101000e+01   7.5685000e+01   7.7267000e+01
   0.0000000e+00   4.0000000e-02  -1.7200000e-01   4.7600000e-01   2.4670000e+00   4.8430000e+00   9.5040000e+00   1.6557000e+01   2.8092000e+01   4.2868000e+01   5.8459000e+01   7.1797000e+01   7.7036000e+01   7.5479000e+01   7.6350000e+01   7.1996000e+01   7.4682000e+01   7.3993000e+01   7.4235000e+01   7.5193000e+01
   0.0000000e+00   1.3000000e-01  -9.0000000e-03   3.4100000e-01   1.3650000e+00   2.5740000e+00   4.6470000e+00   8.1000000e+00   1.4344000e+01   2.2987000e+01   3.2541000e+01   5.0980000e+01   6.9171000e+01   7.4747000e+01   7.3983000e+01   7.3958000e+01   7.0321000e+01   7.1831000e+01   6.9504000e+01   7.1619000e+01
   0.0000000e+00   8.7000000e-02  -1.5100000e-01   4.1300000e-01   1.5620000e+00   2.9550000e+00   5.5480000e+00   1.0209000e+01   1.8434000e+01   2.7164000e+01   3.6662000e+01   5.7778000e+01   6.9763000e+01   6.8348000e+01   7.2254000e+01   6.9447000e+01   6.7126000e+01   6.0659000e+01   6.2321000e+01   5.9385000e+01
   0.0000000e+00  -3.0600000e-01  -3.8800000e-01   1.8900000e-01   1.2490000e+00   2.4360000e+00   4.6240000e+00   8.4200000e+00   1.4966000e+01   2.4289000e+01   3.4275000e+01   5.2627000e+01   6.9869000e+01   7.1982000e+01   7.2273000e+01   7.0937000e+01   6.9044000e+01   6.5683000e+01   6.7460000e+01   6.4597000e+01
   0.0000000e+00  -2.6000000e-01  -3.9400000e-01  -2.2200000e-01   7.9100000e-01   2.0560000e+00   4.2270000e+00   8.0180000e+00   1.4730000e+01   2.3951000e+01   3.4185000e+01   5.2465000e+01   7.0573000e+01   6.9679000e+01   7.1614000e+01   6.7337000e+01   6.5897000e+01   6.1362000e+01   6.2676000e+01   6.0396000e+01
   0.0000000e+00  -1.4600000e-01  -2.5100000e-01   4.5200000e-01   2.4390000e+00   5.3450000e+00   1.0765000e+01   1.9239000e+01   3.4492000e+01   5.1538000e+01   6.1878000e+01   6.6637000e+01   6.4619000e+01   5.9556000e+01   6.6075000e+01   6.7761000e+01   6.3898000e+01   5.8379000e+01   6.0828000e+01   5.8127000e+01
   0.0000000e+00  -3.9800000e-01  -6.1900000e-01   0.0000000e+00   1.5260000e+00   3.9320000e+00   7.4200000e+00   1.3840000e+01   2.4811000e+01   3.9856000e+01   5.5063000e+01   6.5410000e+01   6.9498000e+01   6.4444000e+01   7.1273000e+01   7.1378000e+01   6.6748000e+01   6.0031000e+01   6.4366000e+01   5.9217000e+01
   0.0000000e+00  -5.0000000e-02  -4.2100000e-01  -2.3700000e-01   5.6900000e-01   9.9600000e-01   1.8090000e+00   3.2700000e+00   5.6770000e+00   9.4950000e+00   1.3615000e+01   2.1057000e+01   3.0386000e+01   4.2505000e+01   5.7372000e+01   6.4706000e+01   6.6261000e+01   6.1887000e+01   6.1918000e+01   5.9245000e+01
   0.0000000e+00  -1.2000000e-02  -3.0000000e-02   4.5500000e-01   2.1280000e+00   4.5640000e+00   8.5890000e+00   1.5836000e+01   3.1061000e+01   5.2759000e+01   7.1468000e+01   7.7947000e+01   7.8262000e+01   7.4681000e+01   7.7064000e+01   7.4164000e+01   7.2962000e+01   6.9583000e+01   7.2890000e+01   6.9635000e+01
   0.0000000e+00  -2.7000000e-02  -9.8000000e-02   4.5600000e-01   2.1880000e+00   4.3430000e+00   7.5520000e+00   1.3220000e+01   2.4545000e+01   4.0294000e+01   5.4946000e+01   7.5818000e+01   7.6393000e+01   7.5164000e+01   7.4408000e+01   7.2685000e+01   7.0505000e+01   7.0624000e+01   7.1424000e+01   6.9609000e+01
   0.0000000e+00  -1.8900000e-01  -7.1100000e-01  -3.5200000e-01   1.0270000e+00   1.8220000e+00   3.8540000e+00   7.0860000e+00   1.2759000e+01   2.1828000e+01   3.2155000e+01   5.4172000e+01   7.1489000e+01   7.1334000e+01   6.8045000e+01   6.8214000e+01   6.6034000e+01   6.8023000e+01   6.8250000e+01   6.5777000e+01
   0.0000000e+00  -1.0500000e-01  -3.1100000e-01   1.8600000e-01   1.9180000e+00   3.9320000e+00   7.1540000e+00   1.2702000e+01   2.3162000e+01   3.5469000e+01   4.8376000e+01   6.2357000e+01   6.7819000e+01   6.5242000e+01   6.8007000e+01   6.7129000e+01   6.2302000e+01   6.2612000e+01   6.4651000e+01   6.1925000e+01
   0.0000000e+00  -5.8000000e-02  -1.8400000e-01   3.8300000e-01   1.8660000e+00   4.1540000e+00   7.3900000e+00   1.5481000e+01   3.1476000e+01   5.1328000e+01   6.7501000e+01   7.5909000e+01   7.4046000e+01   7.2467000e+01   7.2937000e+01   7.0994000e+01   6.9240000e+01   7.1080000e+01   7.0520000e+01   7.0887000e+01
   0.0000000e+00  -1.8200000e-01  -3.3400000e-01   1.8600000e-01   1.7570000e+00   3.5840000e+00   6.8520000e+00   1.2671000e+01   2.4033000e+01   3.9557000e+01   5.4332000e+01   6.7977000e+01   6.9521000e+01   6.6058000e+01   6.3966000e+01   6.4810000e+01   6.4189000e+01   6.9627000e+01   6.8655000e+01   7.0398000e+01
   0.0000000e+00  -1.9000000e-01  -3.5800000e-01  -6.8000000e-02   1.1050000e+00   2.5980000e+00   5.2910000e+00   9.1570000e+00   1.6863000e+01   2.7721000e+01   4.0147000e+01   6.2344000e+01   7.4524000e+01   7.3553000e+01   6.9796000e+01   7.1180000e+01   6.8378000e+01   7.1429000e+01   7.1060000e+01   7.0419000e+01
   0.0000000e+00  -2.9000000e-02  -3.7400000e-01  -3.2800000e-01   9.4000000e-02   2.4800000e-01   3.8400000e-01   7.2200000e-01   8.5200000e-01   1.3270000e+00   1.7370000e+00   2.2950000e+00   3.3250000e+00   5.3730000e+00   9.2820000e+00   1.4776000e+01   2.2355000e+01   3.1226000e+01   4.1270000e+01   5.2928000e+01
   0.0000000e+00  -6.7000000e-02  -2.4900000e-01  -3.0000000e-03   9.6600000e-01   2.3390000e+00   4.4550000e+00   8.0540000e+00   1.4932000e+01   2.5209000e+01   3.6588000e+01   6.0768000e+01   7.9863000e+01   8.1949000e+01   7.7263000e+01   7.5593000e+01   7.4068000e+01   7.7285000e+01   7.5618000e+01   7.4066000e+01
   0.0000000e+00  -2.0400000e-01  -8.3700000e-01  -7.4000000e-01  -4.7000000e-02   2.6200000e-01   4.5800000e-01   5.1900000e-01   1.0890000e+00   1.6750000e+00   2.2780000e+00   3.3380000e+00   5.7220000e+00   1.0399000e+01   1.9801000e+01   3.1898000e+01   4.6644000e+01   6.4611000e+01   7.3544000e+01   7.2006000e+01
   0.0000000e+00  -1.4000000e-01  -4.3100000e-01   2.9400000e-01   2.4400000e+00   5.0140000e+00   9.1530000e+00   1.5881000e+01   2.8952000e+01   4.5647000e+01   6.1089000e+01   7.5406000e+01   7.5993000e+01   7.5036000e+01   7.3981000e+01   7.1912000e+01   7.0718000e+01   7.2749000e+01   7.0664000e+01   7.0590000e+01
   0.0000000e+00   3.3000000e-02  -3.2000000e-02   4.6200000e-01   1.9110000e+00   4.2690000e+00   7.8650000e+00   1.3834000e+01   2.7121000e+01   4.3967000e+01   5.9484000e+01   7.5280000e+01   7.1615000e+01   7.1608000e+01   6.9981000e+01   6.6639000e+01   6.6350000e+01   6.8730000e+01   6.7252000e+01   6.6943000e+01
   0.0000000e+00   1.0400000e-01   1.1000000e-02   4.2600000e-01   1.8040000e+00   3.6770000e+00   6.5500000e+00   1.1051000e+01   1.8518000e+01   2.8609000e+01   4.0498000e+01   6.1853000e+01   7.3553000e+01   7.6585000e+01   7.3972000e+01   7.3742000e+01   7.0135000e+01   7.2031000e+01   7.3508000e+01   7.1232000e+01
   0.0000000e+00   6.5000000e-02  -1.7200000e-01   1.5700000e-01   1.2270000e+00   2.4650000e+00   4.6130000e+00   8.4360000e+00   1.5014000e+01   2.3948000e+01   3.4659000e+01   5.5035000e+01   7.4842000e+01   7.8973000e+01   7.6646000e+01   7.1399000e+01   7.2128000e+01   7.5285000e+01   7.1536000e+01   7.3999000e+01
   0.0000000e+00  -7.0000000e-03  -1.4500000e-01   1.0800000e-01   1.1500000e+00   2.4240000e+00   4.8610000e+00   9.1640000e+00   1.7268000e+01   2.8975000e+01   4.2035000e+01   6.4633000e+01   7.7024000e+01   7.6180000e+01   7.1024000e+01   6.9950000e+01   6.7269000e+01   7.2011000e+01   7.0608000e+01   7.1513000e+01
   0.0000000e+00   5.0000000e-03  -1.6700000e-01   1.4000000e-02   1.2200000e+00   2.7900000e+00   5.0840000e+00   9.2640000e+00   1.6991000e+01   2.9911000e+01   4.4684000e+01   6.7430000e+01   7.8296000e+01   7.6770000e+01   7.6990000e+01   7.2422000e+01   7.0297000e+01   7.5067000e+01   7.1858000e+01   7.4409000e+01
   0.0000000e+00  -3.7000000e-02  -2.4700000e-01   3.9300000e-01   1.9460000e+00   4.4560000e+00   8.4710000e+00   1.5572000e+01   2.7510000e+01   4.2342000e+01   5.7108000e+01   7.6582000e+01   7.5060000e+01   7.3272000e+01   7.3178000e+01   6.8369000e+01   6.8183000e+01   7.0131000e+01   6.8886000e+01   7.2160000e+01
   0.0000000e+00  -9.0000000e-03  -1.2000000e-01   4.2500000e-01   1.6300000e+00   3.0390000e+00   5.5380000e+00   9.8710000e+00   1.7016000e+01   2.5105000e+01   3.2944000e+01   4.7914000e+01   6.6040000e+01   7.5013000e+01   7.2651000e+01   6.6570000e+01   6.4099000e+01   7.0610000e+01   6.9415000e+01   6.8066000e+01
   0.0000000e+00  -4.5000000e-02  -2.3000000e-02   4.9100000e-01   1.9050000e+00   3.8480000e+00   7.6530000e+00   1.4748000e+01   2.6043000e+01   3.9477000e+01   5.3679000e+01   7.4060000e+01   7.6662000e+01   7.6118000e+01   7.1243000e+01   6.8323000e+01   6.6678000e+01   7.1567000e+01   6.8628000e+01   6.7869000e+01
   0.0000000e+00  -6.6000000e-02  -3.1600000e-01   8.4000000e-02   1.1870000e+00   2.2300000e+00   3.9540000e+00   7.3880000e+00   1.3703000e+01   2.1457000e+01   2.9249000e+01   4.4820000e+01   6.4939000e+01   7.2498000e+01   7.2435000e+01   7.0056000e+01   6.5626000e+01   7.0381000e+01   6.9168000e+01   6.7421000e+01
   0.0000000e+00  -1.6600000e-01  -2.5000000e-01   3.9800000e-01   2.0720000e+00   4.6420000e+00   8.6760000e+00   1.6025000e+01   3.0770000e+01   4.8295000e+01   6.4597000e+01   7.6026000e+01   7.3268000e+01   7.2038000e+01   7.2085000e+01   7.1120000e+01   6.8032000e+01   6.8370000e+01   6.9824000e+01   6.9140000e+01
   0.0000000e+00  -3.1900000e-01  -7.1100000e-01  -2.2200000e-01   1.5050000e+00   4.5560000e+00   1.0074000e+01   2.0282000e+01   3.4898000e+01   5.3234000e+01   6.9449000e+01   7.5531000e+01   6.7708000e+01   6.8068000e+01   6.8174000e+01   6.9729000e+01   6.5918000e+01   6.8608000e+01   6.9391000e+01   6.9672000e+01
   0.0000000e+00  -3.0900000e-01  -5.5300000e-01   3.5000000e-02   1.7330000e+00   4.4060000e+00   8.2190000e+00   1.5698000e+01   2.8595000e+01   4.4155000e+01   5.8145000e+01   7.2384000e+01   6.9082000e+01   6.6941000e+01   6.7650000e+01   6.5714000e+01   6.2753000e+01   6.7494000e+01   6.4632000e+01   6.5980000e+01
   0.0000000e+00  -6.7000000e-02  -5.0200000e-01  -1.4300000e-01   1.3640000e+00   2.8680000e+00   5.2620000e+00   9.7680000e+00   1.6759000e+01   2.5595000e+01   3.4533000e+01   5.1087000e+01   6.7369000e+01   6.8897000e+01   6.6648000e+01   6.4444000e+01   6.3488000e+01   6.8902000e+01   6.6665000e+01   6.8116000e+01
   0.0000000e+00  -1.1000000e-01  -2.2400000e-01   1.0600000e-01   1.6600000e+00   3.5020000e+00   6.5970000e+00   1.1464000e+01   2.1401000e+01   3.4629000e+01   4.9334000e+01   6.9249000e+01   7.3996000e+01   7.5938000e+01   7.3476000e+01   7.0670000e+01   6.8957000e+01   7.3693000e+01   7.0143000e+01   7.2769000e+01
   0.0000000e+00  -3.2800000e-01  -7.9200000e-01  -6.4200000e-01   3.7400000e-01   1.5370000e+00   3.0350000e+00   6.3410000e+00   1.2747000e+01   2.1999000e+01   3.2706000e+01   5.1571000e+01   6.8855000e+01   7.2259000e+01   7.2809000e+01   6.9542000e+01   6.8876000e+01   7.2140000e+01   6.9699000e+01   7.0587000e+01
   0.0000000e+00  -5.1800000e-01  -1.0540000e+00  -8.9900000e-01   9.3000000e-02   9.2200000e-01   1.9440000e+00   4.2030000e+00   8.8730000e+00   1.5136000e+01   2.3108000e+01   3.7296000e+01   5.5703000e+01   7.0202000e+01   7.4041000e+01   6.8823000e+01   6.8253000e+01   7.0670000e+01   6.9350000e+01   6.8961000e+01
   0.0000000e+00  -1.6800000e-01  -3.2100000e-01   3.9000000e-02   1.5330000e+00   3.3800000e+00   6.2680000e+00   1.1615000e+01   2.0196000e+01   3.0218000e+01   4.1478000e+01   5.9690000e+01   7.2996000e+01   7.3123000e+01   7.1751000e+01   6.8551000e+01   6.7534000e+01   7.0722000e+01   7.1494000e+01   7.1220000e+01
   0.0000000e+00  -6.9200000e-01  -8.1800000e-01  -3.3400000e-01   1.4490000e+00   3.7230000e+00   7.2710000e+00   1.4158000e+01   2.8485000e+01   4.7505000e+01   6.3543000e+01   7.4805000e+01   7.5557000e+01   7.1916000e+01   7.1601000e+01   6.9071000e+01   6.6380000e+01   7.0756000e+01   6.8282000e+01   7.1005000e+01
   0.0000000e+00  -8.7000000e-02  -4.0200000e-01  -2.2600000e-01   5.4700000e-01   8.9400000e-01   1.9330000e+00   3.9810000e+00   8.0130000e+00   1.3850000e+01   2.0880000e+01   3.5053000e+01   5.4774000e+01   6.9583000e+01   7.2278000e+01   7.1749000e+01   6.7469000e+01   7.1544000e+01   6.7901000e+01   6.8630000e+01
   0.0000000e+00  -8.3000000e-02  -2.5800000e-01   1.5000000e-01   1.9300000e+00   2.7300000e+00   5.3460000e+00   9.8450000e+00   1.7832000e+01   2.7054000e+01   3.6627000e+01   5.6179000e+01   7.5171000e+01   7.7354000e+01   7.5533000e+01   7.4629000e+01   6.9277000e+01   7.1883000e+01   7.1335000e+01   7.2353000e+01
   0.0000000e+00   1.0300000e-01  -2.0000000e-02   6.9000000e-01   2.1800000e+00   4.5510000e+00   8.8340000e+00   1.5791000e+01   2.7856000e+01   4.1798000e+01   5.6924000e+01   7.3857000e+01   7.7122000e+01   7.6788000e+01   7.4519000e+01   7.2777000e+01   7.1256000e+01   7.1054000e+01   7.2342000e+01   7.2930000e+01
   0.0000000e+00   2.1000000e-02  -5.9000000e-02   3.6800000e-01   1.3800000e+00   2.9010000e+00   5.4540000e+00   1.0045000e+01   1.8650000e+01   3.0532000e+01   4.3495000e+01   6.3587000e+01   7.2975000e+01   7.1372000e+01   7.1137000e+01   6.8627000e+01   6.5786000e+01   7.0460000e+01   6.9421000e+01   7.2092000e+01
   0.0000000e+00  -8.0000000e-02  -1.1300000e-01   4.0300000e-01   1.5380000e+00   3.2270000e+00   6.4920000e+00   1.2678000e+01   2.3208000e+01   3.5692000e+01   5.0328000e+01   7.4171000e+01   7.3811000e+01   7.2506000e+01   7.2228000e+01   6.9599000e+01   6.9130000e+01   6.8940000e+01   6.8454000e+01   6.9513000e+01
   0.0000000e+00   7.2000000e-02   1.4800000e-01   6.5000000e-01   1.9610000e+00   3.7130000e+00   6.7150000e+00   1.1695000e+01   1.8497000e+01   2.5802000e+01   3.3477000e+01   4.7945000e+01   6.4914000e+01   7.4035000e+01   7.3390000e+01   7.2133000e+01   6.8347000e+01   7.0506000e+01   7.0204000e+01   6.9434000e+01
   0.0000000e+00  -3.5000000e-02  -1.9000000e-01   1.1400000e-01   1.2930000e+00   2.5610000e+00   4.7500000e+00   8.3420000e+00   1.5127000e+01   2.4091000e+01   3.3838000e+01   5.0964000e+01   7.1448000e+01   7.8820000e+01   8.0136000e+01   7.5400000e+01   7.2800000e+01   7.4854000e+01   7.1633000e+01   7.3478000e+01
   0.0000000e+00   8.2000000e-02   4.6000000e-02   5.3400000e-01   2.1590000e+00   4.6650000e+00   8.7860000e+00   1.5702000e+01   2.7945000e+01   4.2196000e+01   5.6756000e+01   7.6017000e+01   7.7171000e+01   7.6091000e+01   7.4258000e+01   7.1987000e+01   6.9250000e+01   7.1176000e+01   7.2303000e+01   7.3340000e+01
   0.0000000e+00   8.4000000e-02  -1.6000000e-01   4.0400000e-01   1.7440000e+00   4.0040000e+00   8.0200000e+00   1.4929000e+01   2.4681000e+01   3.6115000e+01   4.8854000e+01   7.0564000e+01   7.6296000e+01   7.3135000e+01   7.2446000e+01   6.9083000e+01   6.7260000e+01   7.0912000e+01   7.0793000e+01   7.3134000e+01
   0.0000000e+00   2.5000000e-02  -3.0800000e-01   1.3500000e-01   1.4470000e+00   2.9680000e+00   5.6040000e+00   1.0116000e+01   1.7884000e+01   2.9658000e+01   4.3004000e+01   6.5102000e+01   7.5105000e+01   7.2336000e+01   7.0966000e+01   6.9178000e+01   6.7098000e+01   6.9070000e+01   6.8219000e+01   6.9150000e+01
   0.0000000e+00  -1.9000000e-02  -2.5700000e-01   1.6700000e-01   1.7930000e+00   3.7990000e+00   6.7970000e+00   1.1900000e+01   2.3686000e+01   4.0961000e+01   5.8325000e+01   7.5349000e+01   7.1032000e+01   6.9563000e+01   6.9620000e+01   6.6662000e+01   6.3779000e+01   6.7237000e+01   6.5816000e+01   6.6828000e+01
   0.0000000e+00  -1.7300000e-01  -6.0500000e-01  -5.6100000e-01   2.0400000e-01   2.3000000e-01   5.2900000e-01   9.4700000e-01   1.3120000e+00   2.0890000e+00   2.7350000e+00   3.8560000e+00   6.0620000e+00   1.0275000e+01   1.7886000e+01   2.6726000e+01   3.7414000e+01   5.3041000e+01   6.4535000e+01   6.6387000e+01
   0.0000000e+00  -4.7000000e-02  -5.2500000e-01  -3.7000000e-01   6.0400000e-01   1.4420000e+00   2.7550000e+00   4.7960000e+00   9.3670000e+00   1.5278000e+01   2.2614000e+01   3.6828000e+01   5.5400000e+01   7.1319000e+01   6.8011000e+01   6.6755000e+01   6.4801000e+01   6.7727000e+01   6.8467000e+01   6.7867000e+01
   0.0000000e+00  -1.2600000e-01  -5.3900000e-01   2.6400000e-01   1.9600000e+00   4.2100000e+00   8.2770000e+00   1.5415000e+01   2.9648000e+01   4.5416000e+01   6.1834000e+01   7.4478000e+01   7.1358000e+01   6.9418000e+01   7.1272000e+01   6.8904000e+01   6.5714000e+01   7.0275000e+01   6.9059000e+01   6.9692000e+01
   0.0000000e+00   8.4000000e-02  -3.0900000e-01   9.9000000e-02   1.5640000e+00   3.1510000e+00   5.9390000e+00   1.0377000e+01   1.8326000e+01   2.9393000e+01   4.1269000e+01   6.0212000e+01   7.2996000e+01   7.1103000e+01   6.8897000e+01   7.0523000e+01   6.6847000e+01   7.0151000e+01   7.1312000e+01   7.0018000e+01
   0.0000000e+00  -1.3000000e-02  -4.4500000e-01   7.0000000e-03   1.1150000e+00   2.2460000e+00   4.3500000e+00   7.4000000e+00   1.2975000e+01   2.1018000e+01   3.0753000e+01   5.0558000e+01   7.2304000e+01   7.7315000e+01   7.5856000e+01   7.2725000e+01   7.0372000e+01   7.3982000e+01   7.2341000e+01   7.1920000e+01
   0.0000000e+00  -6.9000000e-02  -3.8200000e-01   1.7000000e-02   1.2750000e+00   2.9010000e+00   5.4560000e+00   1.0212000e+01   2.0205000e+01   3.4207000e+01   4.8116000e+01   6.7824000e+01   7.7061000e+01   7.4525000e+01   7.2290000e+01   7.1434000e+01   6.8343000e+01   7.1746000e+01   7.2414000e+01   7.3920000e+01
   0.0000000e+00  -1.1400000e-01  -7.1200000e-01  -6.1600000e-01  -2.1600000e-01  -1.7000000e-01  -5.2000000e-02  -2.1900000e-01  -6.6000000e-02  -6.9000000e-02  -4.0000000e-03  -1.0400000e-01  -1.5000000e-02  -5.3000000e-02  -4.7000000e-02  -4.7200000e-01   1.9200000e-01  -3.2000000e-02   1.0100000e-01   8.6000000e-02
   0.0000000e+00   3.7000000e-02  -4.5400000e-01  -4.5500000e-01  -3.9000000e-02  -3.0000000e-02   9.0000000e-03   1.2000000e-02   1.7800000e-01   2.4600000e-01   3.4100000e-01   5.6300000e-01   6.8100000e-01   1.0200000e+00   1.5010000e+00   2.4320000e+00   4.9210000e+00   8.5790000e+00   1.2610000e+01   1.9142000e+01
   0.0000000e+00  -1.1500000e-01  -4.2300000e-01  -3.4300000e-01   7.9000000e-02   4.9700000e-01   8.9400000e-01   1.7730000e+00   3.5330000e+00   5.6580000e+00   8.2870000e+00   1.4098000e+01   2.3735000e+01   3.6925000e+01   5.3207000e+01   6.9382000e+01   7.3357000e+01   7.5161000e+01   7.2648000e+01   7.1152000e+01
   0.0000000e+00   4.7000000e-02  -2.2900000e-01  -1.3000000e-01   4.4600000e-01   5.2300000e-01   6.7900000e-01   8.6200000e-01   1.1660000e+00   1.3760000e+00   1.7180000e+00   1.9950000e+00   1.9920000e+00   2.0620000e+00   2.1840000e+00   2.0090000e+00   2.7200000e+00   2.6630000e+00   2.6910000e+00   2.8300000e+00
   0.0000000e+00  -3.6800000e-01  -1.1330000e+00  -1.0460000e+00  -4.9000000e-01  -6.2100000e-01  -3.5000000e-01  -4.1300000e-01  -3.7100000e-01  -3.8800000e-01  -3.5300000e-01  -4.0800000e-01  -3.3500000e-01  -2.6300000e-01  -2.4800000e-01  -5.2600000e-01   3.8100000e-01   5.6000000e-02   4.1900000e-01   3.8800000e-01
   0.0000000e+00  -9.1000000e-02  -5.3600000e-01  -5.6000000e-01  -1.3400000e-01  -1.3400000e-01  -5.1000000e-02  -1.4000000e-02   3.0000000e-03   1.0000000e-02   2.1000000e-02  -2.3300000e-01  -8.1000000e-02  -1.6600000e-01  -2.2000000e-02  -4.5400000e-01   4.4200000e-01  -9.8000000e-02   5.6000000e-02   7.6000000e-02
   0.0000000e+00  -1.9200000e-01  -1.1020000e+00  -5.8200000e-01   3.6200000e-01   1.5870000e+00   4.0060000e+00   8.3590000e+00   1.7699000e+01   3.1073000e+01   4.6076000e+01   6.7536000e+01   6.9842000e+01   6.8090000e+01   6.6198000e+01   6.6116000e+01   6.6077000e+01   6.7604000e+01   6.5864000e+01   6.6934000e+01
   0.0000000e+00  -1.8100000e-01  -5.7900000e-01  -4.4000000e-01   2.5500000e-01   7.2500000e-01   1.5270000e+00   3.1290000e+00   6.2680000e+00   1.0374000e+01   1.5307000e+01   2.7261000e+01   4.3014000e+01   6.6793000e+01   7.6059000e+01   7.4775000e+01   7.1798000e+01   7.3258000e+01   7.1658000e+01   7.0661000e+01
   0.0000000e+00  -1.0500000e-01  -4.0300000e-01  -4.6700000e-01  -1.2700000e-01  -9.0000000e-02  -5.5000000e-02  -2.9000000e-02   1.0000000e-02   1.2000000e-02   1.1000000e-02  -2.0000000e-01  -2.7000000e-02  -3.5000000e-02   1.5000000e-02  -3.4000000e-01   2.1800000e-01  -1.4100000e-01   1.4100000e-01   2.0000000e-02
   0.0000000e+00  -3.1000000e-02  -4.3800000e-01  -1.5600000e-01   6.7000000e-01   1.5280000e+00   3.0950000e+00   6.0530000e+00   1.2234000e+01   1.9019000e+01   2.5518000e+01   4.0008000e+01   5.8291000e+01   7.5727000e+01   7.7360000e+01   7.2391000e+01   6.9751000e+01   7.5425000e+01   7.3826000e+01   7.2017000e+01
   0.0000000e+00   2.2000000e-02  -2.5600000e-01  -1.8600000e-01   6.6100000e-01   1.4000000e+00   2.6110000e+00   5.1730000e+00   9.6360000e+00   1.5231000e+01   2.1534000e+01   3.5841000e+01   5.4876000e+01   7.6858000e+01   8.3382000e+01   8.0130000e+01   7.7439000e+01   7.7608000e+01   7.6792000e+01   7.6381000e+01
   0.0000000e+00  -5.3000000e-02  -3.1600000e-01   1.2000000e-02   8.3500000e-01   2.0780000e+00   4.4780000e+00   9.8390000e+00   2.0446000e+01   3.1628000e+01   4.3640000e+01   6.4790000e+01   7.6624000e+01   7.2827000e+01   7.1890000e+01   6.8149000e+01   6.6260000e+01   7.0079000e+01   7.0141000e+01   7.2329000e+01
   0.0000000e+00  -1.2000000e-02  -2.3400000e-01  -1.6700000e-01   5.0700000e-01   1.1390000e+00   2.1340000e+00   3.9730000e+00   7.9920000e+00   1.3238000e+01   1.8648000e+01   2.8610000e+01   4.1875000e+01   5.5199000e+01   6.5349000e+01   6.6308000e+01   6.2309000e+01   6.7436000e+01   6.5932000e+01   6.6032000e+01
   0.0000000e+00   1.0000000e-02  -2.8700000e-01  -2.7000000e-01   2.3600000e-01   3.4700000e-01   6.5300000e-01   1.1340000e+00   1.7580000e+00   2.7570000e+00   3.9460000e+00   5.8220000e+00   7.9760000e+00   1.2249000e+01   2.0413000e+01   3.3001000e+01   5.6159000e+01   7.3355000e+01   7.7799000e+01   7.7292000e+01
   0.0000000e+00  -1.0100000e-01  -3.9700000e-01  -4.0000000e-01  -4.1000000e-02  -9.0000000e-03   2.1000000e-02   1.5200000e-01   1.0200000e-01   2.3400000e-01   1.1200000e-01  -5.0000000e-02   1.0700000e-01   1.5400000e-01   2.6300000e-01  -1.8200000e-01   6.4800000e-01   2.0300000e-01   7.6600000e-01   6.1400000e-01
   0.0000000e+00  -2.6400000e-01  -6.3400000e-01  -6.1600000e-01  -1.4800000e-01  -3.8000000e-02   3.8000000e-02   4.6900000e-01   3.8200000e-01   6.5600000e-01   7.1400000e-01   1.3900000e-01   4.8500000e-01   4.7600000e-01   5.4100000e-01  -7.9000000e-02   1.1530000e+00   1.1140000e+00   1.5540000e+00   1.2270000e+00
   0.0000000e+00   3.5200000e-01   5.7000000e-02   5.3000000e-02   1.5300000e-01   1.0560000e+00  -1.0000000e-03   1.1500000e-01   1.5100000e-01   2.3200000e-01   3.0500000e-01   1.9800000e-01   3.3700000e-01   3.9000000e-01   3.6100000e-01  -5.3000000e-02   1.0760000e+00   4.1300000e-01   7.9300000e-01   6.0600000e-01
   0.0000000e+00  -2.9000000e-01  -6.6600000e-01  -6.7900000e-01  -1.0200000e-01   2.0000000e-03  -2.5000000e-01  -1.6900000e-01  -4.1000000e-02  -5.0000000e-02  -1.9700000e-01  -5.8100000e-01  -3.8500000e-01  -4.7500000e-01  -4.6300000e-01  -6.7100000e-01   1.1900000e-01  -4.1200000e-01  -6.5000000e-02  -2.8100000e-01
   0.0000000e+00  -2.6700000e-01  -7.7800000e-01  -5.2100000e-01   4.0600000e-01   1.2500000e+00   2.6230000e+00   5.2800000e+00   1.0156000e+01   1.6872000e+01   2.4863000e+01   3.9735000e+01   5.7230000e+01   7.1118000e+01   6.9801000e+01   6.8797000e+01   6.7160000e+01   6.8908000e+01   6.9415000e+01   6.8801000e+01
   0.0000000e+00  -5.3900000e-01  -1.3710000e+00  -1.4590000e+00  -4.3900000e-01   7.8000000e-02  -1.0500000e-01   2.4400000e-01  -2.2200000e-01   8.8000000e-02   2.2300000e-01  -3.7800000e-01   3.4400000e-01   7.4200000e-01   1.2460000e+00   2.4440000e+00   5.9650000e+00   9.5450000e+00   1.6995000e+01   2.6359000e+01
   0.0000000e+00  -1.5500000e-01  -6.9200000e-01  -7.2300000e-01  -1.1100000e-01  -1.2600000e-01  -1.1500000e-01  -5.5000000e-02   2.4700000e-01   4.8300000e-01   3.8300000e-01   3.0600000e-01   1.1900000e-01   8.6000000e-02   8.0000000e-02  -4.8300000e-01   4.4700000e-01   9.4000000e-02   3.9600000e-01   3.2300000e-01
   0.0000000e+00   1.9000000e-01  -5.7400000e-01  -6.8900000e-01  -1.0900000e-01   1.1600000e-01   6.0000000e-03   2.9900000e-01   4.0300000e-01   5.1500000e-01   1.4100000e-01  -6.9100000e-01   5.2000000e-02  -2.6100000e-01   7.5000000e-02  -5.9300000e-01   1.2150000e+00  -9.5000000e-02   1.0060000e+00   1.0750000e+00
   0.0000000e+00  -4.1800000e-01  -7.0200000e-01  -5.1100000e-01   4.7400000e-01   1.1970000e+00   2.3120000e+00   4.2770000e+00   7.7040000e+00   1.1600000e+01   1.5766000e+01   2.3176000e+01   3.1348000e+01   4.2764000e+01   5.8080000e+01   6.9539000e+01   7.2521000e+01   7.3021000e+01   7.0878000e+01   7.1504000e+01
   0.0000000e+00  -1.8800000e-01  -6.5600000e-01  -6.0400000e-01   2.9900000e-01   1.0340000e+00   2.3120000e+00   4.7950000e+00   1.0023000e+01   1.6505000e+01   2.4589000e+01   3.8228000e+01   5.4368000e+01   7.0007000e+01   7.5052000e+01   7.3070000e+01   7.0080000e+01   7.3031000e+01   6.9381000e+01   7.2541000e+01
   0.0000000e+00  -1.0000000e-03  -4.8300000e-01  -4.4300000e-01   4.0000000e-02  -4.7000000e-02   6.5000000e-02  -3.8000000e-02  -5.4000000e-02   1.6000000e-02  -1.1100000e-01  -1.4200000e-01  -1.0500000e-01  -8.3000000e-02   1.2500000e-01  -2.6500000e-01   4.3000000e-01   6.9000000e-02   3.9600000e-01   2.5800000e-01
   0.0000000e+00  -1.7000000e-02  -3.2400000e-01  -2.2700000e-01   7.5900000e-01   1.1580000e+00   2.0330000e+00   3.1800000e+00   5.8190000e+00   9.3250000e+00   1.3146000e+01   1.9931000e+01   2.8029000e+01   3.9823000e+01   5.4594000e+01   6.9493000e+01   6.9438000e+01   7.1540000e+01   6.8987000e+01   6.8644000e+01
   0.0000000e+00  -2.8400000e-01  -5.1000000e-01  -3.6200000e-01   7.3000000e-02   4.3200000e-01   1.1240000e+00   2.4900000e+00   5.4700000e+00   9.8050000e+00   1.4639000e+01   2.3763000e+01   3.5540000e+01   5.5486000e+01   7.1053000e+01   7.3398000e+01   6.8341000e+01   7.4514000e+01   6.9885000e+01   7.2714000e+01
   0.0000000e+00   5.2000000e-02  -2.4000000e-01  -1.5400000e-01   3.8400000e-01   6.3700000e-01   7.9200000e-01   1.2350000e+00   1.8880000e+00   2.7770000e+00   3.4030000e+00   4.8740000e+00   6.1630000e+00   8.3450000e+00   1.2191000e+01   1.8954000e+01   3.4440000e+01   5.4650000e+01   7.5318000e+01   7.7026000e+01
   0.0000000e+00  -1.7000000e-02  -1.6000000e-01   1.1900000e-01   1.0980000e+00   2.0530000e+00   3.7970000e+00   7.4000000e+00   1.4487000e+01   2.2547000e+01   3.0712000e+01   4.6749000e+01   6.5360000e+01   7.0855000e+01   6.6872000e+01   6.7264000e+01   6.3738000e+01   6.7997000e+01   6.8210000e+01   6.8997000e+01
   0.0000000e+00  -1.1300000e-01  -4.1300000e-01   4.5800000e-01   1.3050000e+00   2.1330000e+00   3.5470000e+00   6.0330000e+00   1.0561000e+01   1.8164000e+01   2.6615000e+01   4.0179000e+01   5.3727000e+01   7.0401000e+01   7.1626000e+01   7.0571000e+01   6.8828000e+01   7.0317000e+01   6.6536000e+01   6.8151000e+01
   0.0000000e+00   0.0000000e+00  -4.2700000e-01  -3.2300000e-01   2.7100000e-01   3.5800000e-01   4.6900000e-01   5.9800000e-01   9.1300000e-01   9.3700000e-01   1.0930000e+00   1.1650000e+00   1.7690000e+00   2.3220000e+00   3.5800000e+00   4.9770000e+00   8.3930000e+00   1.1352000e+01   1.6286000e+01   2.2761000e+01
   0.0000000e+00  -2.9400000e-01  -6.7500000e-01  -4.0500000e-01   1.0030000e+00   2.1380000e+00   3.4490000e+00   6.6260000e+00   1.2409000e+01   1.9368000e+01   2.5977000e+01   3.9315000e+01   5.5916000e+01   7.3077000e+01   6.8619000e+01   6.6914000e+01   6.3742000e+01   6.9641000e+01   6.9942000e+01   6.9904000e+01
   0.0000000e+00  -7.7000000e-02  -2.8000000e-01  -1.0300000e-01   5.7700000e-01   1.5630000e+00   3.2790000e+00   6.3170000e+00   1.1763000e+01   1.8684000e+01   2.6820000e+01   4.3574000e+01   6.1317000e+01   7.2573000e+01   6.9810000e+01   7.0170000e+01   6.8348000e+01   7.1102000e+01   6.9346000e+01   7.1736000e+01
   0.0000000e+00  -1.9400000e-01  -4.4500000e-01  -4.6700000e-01   1.9800000e-01   8.1000000e-01   1.6890000e+00   3.1780000e+00   5.9550000e+00   9.5520000e+00   1.3300000e+01   2.0741000e+01   3.1658000e+01   4.5255000e+01   6.1481000e+01   7.0767000e+01   6.7311000e+01   6.9966000e+01   6.7301000e+01   6.6232000e+01
   0.0000000e+00  -1.8500000e-01  -4.5800000e-01  -3.4500000e-01   2.1400000e-01   9.5300000e-01   1.8130000e+00   3.9710000e+00   8.0770000e+00   1.3070000e+01   1.8405000e+01   2.9922000e+01   4.5391000e+01   6.2393000e+01   6.8497000e+01   6.7101000e+01   6.0825000e+01   6.8281000e+01   6.6849000e+01   6.7514000e+01
   0.0000000e+00  -2.3600000e-01  -4.5500000e-01  -2.8200000e-01   5.0200000e-01   1.6150000e+00   3.3320000e+00   6.8820000e+00   1.3417000e+01   2.3289000e+01   3.3366000e+01   5.2214000e+01   7.5143000e+01   7.6105000e+01   7.1063000e+01   7.0860000e+01   6.8619000e+01   7.2540000e+01   7.0753000e+01   7.1016000e+01
   0.0000000e+00  -3.1800000e-01  -7.3300000e-01  -3.3800000e-01   8.6000000e-01   2.4860000e+00   4.8900000e+00   9.5490000e+00   1.8305000e+01   3.0445000e+01   4.2687000e+01   6.5096000e+01   7.9312000e+01   7.6030000e+01   7.3390000e+01   7.3321000e+01   7.2709000e+01   7.5688000e+01   7.2904000e+01   7.3914000e+01
   0.0000000e+00  -1.9000000e-01  -2.7700000e-01   3.9000000e-02   1.3780000e+00   3.8300000e+00   7.6100000e+00   1.4685000e+01   3.0355000e+01   5.1254000e+01   6.7964000e+01   7.5984000e+01   7.3796000e+01   7.3179000e+01   7.1603000e+01   7.0642000e+01   7.2189000e+01   7.1187000e+01   7.3264000e+01   7.1578000e+01
   0.0000000e+00  -2.9000000e-01  -5.0000000e-01  -3.8900000e-01   4.8800000e-01   1.9020000e+00   3.9460000e+00   7.9310000e+00   1.5853000e+01   2.8222000e+01   4.4548000e+01   7.0018000e+01   7.7155000e+01   7.4368000e+01   7.3378000e+01   7.3251000e+01   7.2136000e+01   7.3435000e+01   7.1187000e+01   7.2934000e+01
   0.0000000e+00  -2.6400000e-01  -4.5800000e-01  -4.7000000e-01  -1.7200000e-01  -8.2000000e-02  -3.7000000e-02  -5.6000000e-02  -1.2600000e-01  -1.4000000e-02   9.5000000e-02  -6.6000000e-02   6.5000000e-02  -4.0000000e-02   1.7000000e-02  -3.2200000e-01   2.2000000e-01   3.7000000e-02   2.9000000e-02   6.3000000e-02
   0.0000000e+00  -1.1100000e-01  -3.7000000e-01  -1.5100000e-01   4.6700000e-01   1.3830000e+00   2.9660000e+00   6.2200000e+00   1.3246000e+01   2.3763000e+01   3.6304000e+01   5.9312000e+01   7.6126000e+01   7.6025000e+01   6.9707000e+01   6.8418000e+01   6.6333000e+01   7.0871000e+01   6.9478000e+01   6.9353000e+01
   0.0000000e+00  -2.4000000e-02  -2.3800000e-01  -1.1200000e-01   5.4500000e-01   1.0800000e+00   2.0120000e+00   3.6200000e+00   6.4950000e+00   9.9320000e+00   1.3655000e+01   2.2054000e+01   3.4345000e+01   5.2224000e+01   6.4516000e+01   7.0043000e+01   6.6805000e+01   6.8640000e+01   6.7524000e+01   6.7303000e+01
   0.0000000e+00   0.0000000e+00  -4.3800000e-01  -3.4400000e-01   9.0000000e-02   6.3000000e-02   1.0800000e-01   9.7000000e-02   1.9800000e-01   1.9100000e-01   4.2000000e-01   5.9300000e-01   8.1100000e-01   1.4100000e+00   2.1810000e+00   3.2510000e+00   5.6400000e+00   8.9210000e+00   1.3880000e+01   2.0972000e+01
   0.0000000e+00  -1.2000000e-01  -4.3400000e-01  -9.3000000e-02   8.3300000e-01   1.6950000e+00   3.6600000e+00   7.3320000e+00   1.3704000e+01   2.1993000e+01   3.2071000e+01   5.2275000e+01   7.5890000e+01   8.1150000e+01   8.1306000e+01   7.9541000e+01   7.6012000e+01   7.6048000e+01   7.4631000e+01   7.7297000e+01
   0.0000000e+00  -4.1000000e-02  -4.0000000e-01  -2.3200000e-01   4.6100000e-01   8.8400000e-01   1.5470000e+00   2.6950000e+00   5.2340000e+00   7.9510000e+00   1.1524000e+01   1.9503000e+01   3.0471000e+01   4.5057000e+01   6.1158000e+01   7.5845000e+01   7.3812000e+01   7.3005000e+01   7.3797000e+01   7.0835000e+01
   0.0000000e+00  -2.2000000e-02  -2.2200000e-01  -5.0000000e-02   7.0100000e-01   1.3400000e+00   2.3310000e+00   3.6700000e+00   6.2700000e+00   9.0130000e+00   1.1518000e+01   1.6989000e+01   2.3505000e+01   3.2054000e+01   4.2849000e+01   5.2828000e+01   5.7172000e+01   6.0902000e+01   5.8809000e+01   5.9464000e+01
   0.0000000e+00   2.7000000e-02  -4.5000000e-01  -3.4500000e-01   4.0000000e-01   6.0500000e-01   1.2040000e+00   2.1080000e+00   4.0840000e+00   6.5250000e+00   9.2800000e+00   1.4946000e+01   2.2906000e+01   3.4825000e+01   5.1227000e+01   6.8026000e+01   7.5675000e+01   7.6182000e+01   7.4062000e+01   7.6720000e+01
   0.0000000e+00  -2.8000000e-02  -2.5700000e-01  -9.7000000e-02   4.1900000e-01   8.8600000e-01   1.6350000e+00   3.0080000e+00   6.0390000e+00   9.9280000e+00   1.4018000e+01   2.4474000e+01   3.8212000e+01   5.3160000e+01   6.7476000e+01   7.1584000e+01   6.9179000e+01   6.9294000e+01   6.9186000e+01   6.9005000e+01
   0.0000000e+00  -1.7000000e-02  -4.5600000e-01  -4.1500000e-01   2.8400000e-01   3.3500000e-01   6.4400000e-01   1.1850000e+00   2.4300000e+00   3.9840000e+00   5.9850000e+00   9.7420000e+00   1.5064000e+01   2.2826000e+01   3.3781000e+01   4.9442000e+01   6.4208000e+01   7.0540000e+01   6.7811000e+01   6.7551000e+01
   0.0000000e+00  -6.5000000e-02  -1.8500000e-01  -5.7000000e-01   1.4700000e-01   1.4700000e-01   2.8200000e-01   2.5000000e-01   4.8800000e-01   5.0600000e-01   6.8600000e-01   3.7800000e-01   5.9300000e-01   7.1500000e-01   9.3500000e-01   6.7400000e-01   1.8350000e+00   1.5350000e+00   2.0040000e+00   2.4200000e+00
   0.0000000e+00  -4.0000000e-02  -5.2000000e-01  -3.8700000e-01   3.6400000e-01   4.9200000e-01   8.3200000e-01   1.3020000e+00   2.1110000e+00   3.3480000e+00   4.8160000e+00   7.8130000e+00   1.2099000e+01   1.8839000e+01   2.7655000e+01   4.0799000e+01   5.9241000e+01   7.4501000e+01   7.1211000e+01   7.3045000e+01
   0.0000000e+00  -5.0700000e-01  -8.7700000e-01  -5.2700000e-01   9.1400000e-01   7.2400000e-01   1.9100000e+00   3.2920000e+00   6.0500000e+00   1.1581000e+01   1.8328000e+01   3.3534000e+01   6.0408000e+01   7.6624000e+01   7.7241000e+01   7.5258000e+01   7.2686000e+01   7.5772000e+01   7.3676000e+01   7.3467000e+01
   0.0000000e+00  -3.3000000e-02  -3.1300000e-01  -2.1500000e-01   7.1100000e-01   6.9000000e-01   1.1440000e+00   2.1920000e+00   3.3040000e+00   5.0430000e+00   6.8410000e+00   9.9180000e+00   1.4098000e+01   2.0839000e+01   3.3848000e+01   5.4408000e+01   6.7837000e+01   7.1730000e+01   7.0588000e+01   6.8299000e+01
   0.0000000e+00   8.2100000e-01   3.7800000e-01   4.6000000e-01   1.7600000e+00   1.9710000e+00   4.6560000e+00   9.3370000e+00   1.7869000e+01   2.8924000e+01   4.0799000e+01   6.2307000e+01   7.4048000e+01   7.3423000e+01   7.3166000e+01   7.0330000e+01   6.7691000e+01   7.0064000e+01   6.8533000e+01   7.1296000e+01
   0.0000000e+00  -6.8000000e-02  -2.7900000e-01  -1.6700000e-01   5.5400000e-01   1.0830000e+00   1.9050000e+00   3.6940000e+00   6.8790000e+00   1.0833000e+01   1.4830000e+01   2.1804000e+01   2.9928000e+01   4.4359000e+01   5.9021000e+01   6.8247000e+01   6.2616000e+01   6.5649000e+01   6.5519000e+01   6.5863000e+01
   0.0000000e+00   1.9600000e-01  -6.8700000e-01  -5.0600000e-01   5.9200000e-01   1.8490000e+00   2.2490000e+00   3.8770000e+00   6.8880000e+00   1.0924000e+01   1.4888000e+01   2.2098000e+01   3.2928000e+01   5.0208000e+01   6.4651000e+01   6.7952000e+01   6.4475000e+01   6.5147000e+01   6.1907000e+01   6.5407000e+01
   0.0000000e+00  -2.7100000e-01  -7.3400000e-01  -6.3300000e-01   4.2200000e-01   8.2100000e-01   1.7180000e+00   3.3340000e+00   6.8720000e+00   1.1109000e+01   1.6364000e+01   2.5511000e+01   3.8288000e+01   5.7655000e+01   7.1138000e+01   7.2444000e+01   6.9761000e+01   7.1250000e+01   6.6585000e+01   6.7103000e+01
   0.0000000e+00  -1.1600000e-01  -4.2400000e-01  -3.1100000e-01   1.7300000e-01   3.6000000e-01   6.7000000e-01   1.2430000e+00   2.2020000e+00   3.5540000e+00   5.0660000e+00   8.2280000e+00   1.1122000e+01   1.5322000e+01   2.2152000e+01   3.5009000e+01   5.9386000e+01   6.9211000e+01   6.8770000e+01   6.7882000e+01
   0.0000000e+00  -1.5500000e-01  -5.3600000e-01  -3.9100000e-01   3.8900000e-01   1.2220000e+00   2.6730000e+00   5.3170000e+00   1.0844000e+01   1.8274000e+01   2.7371000e+01   4.3653000e+01   5.9914000e+01   6.7235000e+01   6.2797000e+01   5.9685000e+01   6.0545000e+01   6.2666000e+01   6.1744000e+01   6.3471000e+01
   0.0000000e+00  -1.7900000e-01  -5.7500000e-01  -4.2900000e-01   3.9200000e-01   1.1510000e+00   2.4170000e+00   4.9490000e+00   9.9470000e+00   1.5625000e+01   2.1835000e+01   3.3529000e+01   4.6743000e+01   6.2423000e+01   6.8125000e+01   6.7719000e+01   6.3311000e+01   6.7210000e+01   6.5867000e+01   6.8166000e+01
   0.0000000e+00  -4.7400000e-01  -7.9100000e-01  -5.7000000e-01   1.3700000e-01   9.4300000e-01   1.9700000e+00   4.3550000e+00   8.9460000e+00   1.4902000e+01   2.2453000e+01   3.5400000e+01   5.0861000e+01   6.3934000e+01   7.1327000e+01   6.8145000e+01   6.5439000e+01   6.8454000e+01   6.6524000e+01   6.9378000e+01
   0.0000000e+00  -6.9000000e-02  -3.3800000e-01  -4.0400000e-01   1.8000000e-01   3.9300000e-01   5.7600000e-01   8.6100000e-01   1.4270000e+00   1.7310000e+00   2.1190000e+00   3.0280000e+00   3.6290000e+00   4.9180000e+00   6.4790000e+00   8.8780000e+00   1.3862000e+01   2.0287000e+01   2.9542000e+01   4.1594000e+01
   0.0000000e+00  -5.0000000e-02  -3.4500000e-01  -1.8700000e-01   3.5600000e-01   7.6500000e-01   1.4450000e+00   2.8590000e+00   5.4890000e+00   9.1020000e+00   1.2992000e+01   1.8837000e+01   2.6313000e+01   3.7950000e+01   5.3971000e+01   6.4411000e+01   6.4554000e+01   6.7239000e+01   6.6539000e+01   6.7277000e+01
   0.0000000e+00  -1.3400000e-01  -5.0500000e-01  -5.7400000e-01   1.3000000e-01   4.0800000e-01   8.5500000e-01   1.9820000e+00   4.2370000e+00   7.8460000e+00   1.1910000e+01   1.9589000e+01   2.9381000e+01   4.2852000e+01   5.8471000e+01   6.8559000e+01   6.2089000e+01   6.7092000e+01   6.5891000e+01   6.9311000e+01
   0.0000000e+00  -1.6500000e-01  -2.4000000e-01  -1.7200000e-01   1.0890000e+00   2.6810000e+00   5.7980000e+00   1.1949000e+01   2.3901000e+01   3.9248000e+01   5.5099000e+01   7.6423000e+01   7.6919000e+01   7.6310000e+01   7.5592000e+01   7.1843000e+01   7.2095000e+01   7.3179000e+01   7.3989000e+01   7.3308000e+01
   0.0000000e+00   1.0800000e-01  -2.3300000e-01  -2.1000000e-01   7.2200000e-01   1.0610000e+00   1.5200000e+00   1.9850000e+00   2.9950000e+00   4.5270000e+00   6.3260000e+00   9.7230000e+00   1.3910000e+01   1.9526000e+01   2.8506000e+01   4.4474000e+01   6.6923000e+01   7.9368000e+01   7.8679000e+01   7.6875000e+01
   0.0000000e+00  -6.5000000e-02  -3.6700000e-01   1.0900000e-01   1.3340000e+00   1.3410000e+00   2.2570000e+00   3.8680000e+00   6.7940000e+00   1.0321000e+01   1.4404000e+01   2.2756000e+01   3.3322000e+01   4.9617000e+01   6.7254000e+01   7.1885000e+01   7.1231000e+01   7.2760000e+01   7.0844000e+01   7.1007000e+01
   0.0000000e+00  -4.7000000e-02  -1.3700000e-01   5.4600000e-01   2.1730000e+00   4.4670000e+00   8.8490000e+00   1.7346000e+01   3.7095000e+01   5.7127000e+01   7.0884000e+01   7.0324000e+01   7.0721000e+01   6.9143000e+01   6.7659000e+01   6.5661000e+01   6.4653000e+01   6.8097000e+01   6.7820000e+01   6.7868000e+01
   0.0000000e+00  -1.8000000e-02  -1.7900000e-01   3.7800000e-01   1.7040000e+00   3.8400000e+00   7.4860000e+00   1.4534000e+01   2.8030000e+01   4.4258000e+01   6.1778000e+01   7.6474000e+01   7.5951000e+01   7.4765000e+01   7.4105000e+01   7.1786000e+01   6.9047000e+01   7.0338000e+01   7.1428000e+01   7.2093000e+01
   0.0000000e+00  -8.0000000e-02  -5.8900000e-01  -2.9600000e-01   4.3500000e-01   6.2500000e-01   1.0920000e+00   1.5800000e+00   2.1320000e+00   3.0860000e+00   3.9690000e+00   5.4320000e+00   7.7960000e+00   1.0790000e+01   1.4405000e+01   1.9726000e+01   3.1047000e+01   4.4996000e+01   6.2637000e+01   7.6943000e+01
   0.0000000e+00  -1.4000000e-01  -8.2500000e-01  -7.4600000e-01   2.5700000e-01   9.4800000e-01   2.2060000e+00   4.2680000e+00   8.4650000e+00   1.3779000e+01   2.0112000e+01   3.3482000e+01   4.9505000e+01   6.9034000e+01   7.2572000e+01   6.9967000e+01   6.8224000e+01   7.1651000e+01   6.9594000e+01   7.2117000e+01
   0.0000000e+00  -1.8800000e-01  -4.2100000e-01   5.9700000e-01   1.4310000e+00   2.2520000e+00   3.3680000e+00   5.4300000e+00   1.0047000e+01   1.5863000e+01   2.1190000e+01   3.0970000e+01   4.4176000e+01   6.2111000e+01   7.3558000e+01   7.1784000e+01   6.8593000e+01   7.4469000e+01   7.0695000e+01   7.2768000e+01
   0.0000000e+00  -2.2700000e-01  -6.5600000e-01  -5.9200000e-01  -2.4000000e-01  -3.0200000e-01  -2.2500000e-01  -1.4400000e-01  -3.1800000e-01  -1.8200000e-01  -1.9800000e-01  -3.2400000e-01  -2.2200000e-01  -3.2600000e-01  -2.6500000e-01  -7.6700000e-01  -2.2100000e-01  -2.2600000e-01  -1.8000000e-01  -1.5900000e-01
   0.0000000e+00  -6.1000000e-02  -3.3900000e-01  -2.2900000e-01   4.8100000e-01   9.5100000e-01   1.8580000e+00   3.3660000e+00   6.3270000e+00   1.0187000e+01   1.3690000e+01   2.1411000e+01   3.0197000e+01   3.6917000e+01   3.9667000e+01   4.0134000e+01   3.8168000e+01   3.7766000e+01   3.5320000e+01   3.4458000e+01
   0.0000000e+00  -6.1000000e-02  -4.9200000e-01  -3.8000000e-01  -1.6000000e-02   2.0000000e-02   9.4000000e-02  -6.6000000e-02  -1.4000000e-02   4.6000000e-02  -8.5000000e-02  -1.0700000e-01  -2.6000000e-02  -7.6000000e-02   3.5000000e-02  -5.1900000e-01   8.7000000e-02  -1.2400000e-01   9.2000000e-02   6.0000000e-02
   0.0000000e+00  -2.4000000e-02  -3.5300000e-01  -3.1200000e-01   3.2700000e-01   6.8800000e-01   1.4900000e+00   2.5990000e+00   5.5030000e+00   9.0450000e+00   1.3209000e+01   2.3488000e+01   3.6888000e+01   5.3070000e+01   6.7749000e+01   6.9815000e+01   6.3205000e+01   7.0100000e+01   6.7299000e+01   6.8609000e+01
   0.0000000e+00  -5.8000000e-02  -3.1300000e-01  -3.1600000e-01   1.8700000e-01   4.6300000e-01   1.0660000e+00   2.1440000e+00   4.4660000e+00   7.5640000e+00   1.1334000e+01   2.0077000e+01   3.3539000e+01   5.1961000e+01   6.9069000e+01   7.6135000e+01   6.9955000e+01   7.3759000e+01   7.2961000e+01   7.4445000e+01
   0.0000000e+00  -1.1600000e-01  -4.2600000e-01  -4.0700000e-01  -8.9000000e-02  -1.7200000e-01  -1.0900000e-01  -1.6000000e-01  -5.7000000e-02  -7.2000000e-02  -1.3300000e-01  -8.6000000e-02  -5.2000000e-02  -1.8100000e-01  -1.0700000e-01  -4.1700000e-01   2.1000000e-02  -1.1900000e-01  -6.7000000e-02  -7.6000000e-02
   0.0000000e+00   1.2000000e-02  -4.6300000e-01  -3.4800000e-01   1.7200000e-01   2.6000000e-02   1.8900000e-01   1.1800000e-01   2.1900000e-01   2.0100000e-01   3.2900000e-01   2.5400000e-01   3.3200000e-01   2.3100000e-01   2.0600000e-01  -1.9000000e-02   4.1300000e-01   2.0300000e-01   2.2900000e-01   3.1400000e-01
   0.0000000e+00  -1.4000000e-01  -5.0200000e-01  -3.3500000e-01   2.8400000e-01   8.2100000e-01   2.0110000e+00   3.7660000e+00   7.2200000e+00   1.1771000e+01   1.7228000e+01   3.0108000e+01   4.8106000e+01   6.5138000e+01   7.4927000e+01   7.1146000e+01   6.7865000e+01   7.4222000e+01   7.0253000e+01   7.1628000e+01
